DOY	Time	Elapsed Time	Field ID	Batt_V	Rain	WCR Per A2	WCR Per A5	WCR Per A10	WCR Per A15	WCR Per A20	WCR Per A30	WCR Per B2	WCR Per B5	WCR Per B10	WCR Per B15	WCR Per B20	WCR Per B30		VWC A2	VWC A5	VWC A10	VWC A15	VWC A20	VWC A30	VWC B2	VWC B5	VWC B10	VWC B15	VWC B20	VWC B30		Soil T A2	Soil T A5	Soil T A10	Soil T A15	Soil T A20	Soil T A30	Mux Temp	TCAV
All Times CDT				Volts	mm	msec	msec	msec	msec	msec	msec	msec	msec	msec	msec	msec	msec		%	%	%	%	%	%	%	%	%	%	%	%		C	C	C	C	C	C	C	C
174	1615	16.25																																					
174	1630	16.50																																					
174	1645	16.75																																					
174	1700	17.00																																					
174	1715	17.25																																					
174	1730	17.50																																					
174	1745	17.75																																					
174	1800	18.00																																					
174	1815	18.25																																					
174	1830	18.50																																					
174	1845	18.75																																					
174	1900	19.00																																					
174	1915	19.25																																					
174	1930	19.50																																					
174	1945	19.75																																					
174	2000	20.00																																					
174	2015	20.25																																					
174	2030	20.50																																					
174	2045	20.75																																					
174	2100	21.00																																					
174	2115	21.25																																					
174	2130	21.50																																					
174	2145	21.75																																					
174	2200	22.00																																					
174	2215	22.25																																					
174	2230	22.50																																					
174	2245	22.75																																					
174	2300	23.00																																					
174	2315	23.25																																					
174	2330	23.50																																					
174	2345	23.75																																					
175	0	24.00																																					
175	15	24.25																																					
175	30	24.50																																					
175	45	24.75																																					
175	100	25.00																																					
175	115	25.25																																					
175	130	25.50																																					
175	145	25.75																																					
175	200	26.00																																					
175	215	26.25																																					
175	230	26.50																																					
175	245	26.75																																					
175	300	27.00																																					
175	315	27.25																																					
175	330	27.50																																					
175	345	27.75																																					
175	400	28.00																																					
175	415	28.25																																					
175	430	28.50																																					
175	445	28.75																																					
175	500	29.00																																					
175	515	29.25																																					
175	530	29.50																																					
175	545	29.75																																					
175	600	30.00																																					
175	615	30.25																																					
175	630	30.50																																					
175	645	30.75																																					
175	700	31.00																																					
175	715	31.25																																					
175	730	31.50																																					
175	745	31.75																																					
175	800	32.00																																					
175	815	32.25																																					
175	830	32.50																																					
175	845	32.75																																					
175	900	33.00																																					
175	915	33.25																																					
175	930	33.50																																					
175	945	33.75																																					
175	1000	34.00																																					
175	1015	34.25																																					
175	1030	34.50																																					
175	1045	34.75																																					
175	1100	35.00																																					
175	1115	35.25																																					
175	1130	35.50																																					
175	1145	35.75																																					
175	1200	36.00																																					
175	1215	36.25																																					
175	1230	36.50																																					
175	1245	36.75																																					
175	1300	37.00																																					
175	1315	37.25																																					
175	1330	37.50																																					
175	1345	37.75																																					
175	1400	38.00																																					
175	1415	38.25																																					
175	1430	38.50																																					
175	1445	38.75																																					
175	1500	39.00																																					
175	1515	39.25	24	12.52	0	1.175	1.384	1.311	1.344	1.345	1.339	0.916	1.160	1.238	1.215	1.296	1.331		16.28	19.30	18.95	20.55	20.91	20.89	10.22	14.49	21.12	20.65	23.87	25.36		31.41	28.98	27.84	25.65	24.15	23.20	34.43	23.21
175	1530	39.50	24	12.52	0	1.175	1.385	1.312	1.344	1.345	1.339	0.916	1.161	1.238	1.215	1.296	1.331		16.32	19.33	18.97	20.53	20.89	20.89	10.22	14.53	21.11	20.64	23.85	25.35		31.30	29.04	27.93	25.75	24.22	23.23	36.38	25.37
175	1545	39.75	24	12.52	0	1.174	1.386	1.313	1.345	1.345	1.339	0.915	1.161	1.238	1.214	1.295	1.330		16.25	19.36	18.98	20.54	20.88	20.88	10.17	14.52	21.09	20.58	23.80	25.30		31.26	29.11	28.04	25.89	24.31	23.27	36.85	27.57
175	1600	40.00	24	12.52	0	1.173	1.386	1.314	1.346	1.346	1.339	0.915	1.160	1.239	1.214	1.295	1.330		16.16	19.34	18.99	20.55	20.89	20.87	10.17	14.45	21.11	20.56	23.78	25.30		31.34	29.17	28.14	26.01	24.40	23.31	36.17	28.27
175	1615	40.25	24	12.52	0	1.171	1.385	1.314	1.346	1.346	1.339	0.914	1.160	1.239	1.214	1.295	1.330		16.01	19.26	18.98	20.52	20.88	20.86	10.12	14.44	21.09	20.54	23.77	25.29		31.34	29.24	28.22	26.12	24.48	23.34	35.67	28.57
175	1630	40.50	24	12.52	0	1.171	1.385	1.314	1.346	1.347	1.339	0.913	1.160	1.239	1.214	1.294	1.330		16.01	19.23	18.96	20.50	20.89	20.85	10.06	14.42	21.08	20.53	23.71	25.28		31.34	29.31	28.30	26.22	24.57	23.39	35.23	28.43
175	1645	40.75	24	12.52	0	1.171	1.385	1.313	1.346	1.347	1.339	0.913	1.159	1.239	1.214	1.294	1.330		15.99	19.20	18.91	20.48	20.87	20.85	10.06	14.35	21.07	20.51	23.69	25.27		31.42	29.38	28.39	26.32	24.66	23.43	34.79	28.26
175	1700	41.00	24	12.52	0	1.169	1.385	1.313	1.346	1.347	1.339	0.913	1.159	1.239	1.214	1.294	1.330		15.82	19.17	18.89	20.46	20.85	20.84	10.06	14.34	21.05	20.50	23.68	25.26		31.51	29.47	28.48	26.42	24.74	23.48	34.49	28.23
175	1715	41.25	24	12.52	0	1.168	1.384	1.313	1.346	1.348	1.339	0.912	1.158	1.239	1.214	1.294	1.330		15.75	19.08	18.87	20.44	20.87	20.83	10.01	14.27	21.04	20.49	23.66	25.25		31.48	29.55	28.57	26.51	24.82	23.52	34.36	28.42
175	1730	41.50	24	12.52	0	1.166	1.383	1.312	1.346	1.348	1.339	0.912	1.158	1.239	1.213	1.293	1.330		15.65	19.01	18.83	20.42	20.86	20.82	10.01	14.26	21.02	20.44	23.61	25.24		31.35	29.59	28.64	26.60	24.89	23.57	34.04	28.40
175	1745	41.75	24	12.52	0	1.165	1.381	1.312	1.346	1.348	1.339	0.913	1.158	1.239	1.213	1.293	1.330		15.63	18.90	18.82	20.40	20.84	20.81	10.06	14.26	21.02	20.42	23.60	25.23		31.15	29.58	28.68	26.68	24.97	23.61	33.61	28.27
175	1800	42.00	24	12.52	0	1.163	1.380	1.311	1.345	1.349	1.339	0.913	1.157	1.238	1.213	1.293	1.330		15.51	18.87	18.78	20.35	20.86	20.80	10.06	14.21	20.98	20.41	23.58	25.22		31.07	29.54	28.70	26.75	25.04	23.66	33.15	28.05
175	1815	42.25	24	12.52	0	1.162	1.378	1.310	1.345	1.349	1.339	0.913	1.157	1.238	1.213	1.293	1.330		15.45	18.77	18.75	20.34	20.85	20.79	10.06	14.22	20.98	20.40	23.57	25.21		30.99	29.51	28.70	26.82	25.10	23.70	32.66	27.95
175	1830	42.50	24	12.52	0	1.161	1.377	1.309	1.345	1.349	1.339	0.913	1.157	1.238	1.213	1.293	1.330		15.45	18.73	18.71	20.33	20.83	20.78	10.06	14.23	20.98	20.39	23.56	25.20		30.74	29.46	28.69	26.87	25.17	23.75	32.17	27.86
175	1845	42.75	24	12.52	0	1.159	1.376	1.308	1.344	1.349	1.339	0.913	1.157	1.238	1.213	1.293	1.330		15.37	18.71	18.68	20.28	20.82	20.77	10.07	14.24	20.98	20.39	23.55	25.19		30.49	29.38	28.67	26.91	25.23	23.80	31.65	27.67
175	1900	43.00	24	12.52	0	1.158	1.375	1.307	1.343	1.349	1.340	0.913	1.156	1.238	1.213	1.293	1.330		15.36	18.69	18.66	20.24	20.81	20.79	10.07	14.21	20.99	20.38	23.54	25.18		30.28	29.28	28.62	26.95	25.29	23.85	31.10	27.47
175	1915	43.25	24	12.52	0	1.157	1.373	1.306	1.343	1.350	1.340	0.913	1.156	1.238	1.213	1.293	1.330		15.34	18.62	18.64	20.24	20.83	20.79	10.07	14.23	21.00	20.38	23.53	25.18		30.06	29.16	28.55	26.96	25.34	23.88	30.41	27.18
175	1930	43.50	24	12.52	0	1.156	1.372	1.305	1.342	1.350	1.340	0.913	1.156	1.238	1.213	1.293	1.330		15.33	18.61	18.62	20.20	20.82	20.78	10.07	14.26	21.02	20.38	23.52	25.17		29.84	29.05	28.48	26.97	25.38	23.92	29.81	26.96
175	1945	43.75	24	12.51	0	1.155	1.371	1.304	1.342	1.350	1.340	0.913	1.156	1.238	1.213	1.293	1.331		15.31	18.60	18.60	20.20	20.81	20.77	10.07	14.28	21.03	20.38	23.51	25.20		29.63	28.93	28.41	26.98	25.42	23.96	29.23	26.78
175	2000	44.00	24	12.51	0	1.153	1.369	1.303	1.341	1.350	1.340	0.913	1.155	1.238	1.213	1.293	1.331		15.22	18.54	18.58	20.17	20.81	20.76	10.07	14.25	21.04	20.38	23.51	25.18		29.41	28.80	28.32	26.97	25.45	24.01	28.61	26.55
175	2015	44.25	24	12.51	0	1.152	1.368	1.302	1.341	1.350	1.340	0.913	1.155	1.238	1.213	1.293	1.331		15.20	18.53	18.56	20.17	20.80	20.75	10.07	14.27	21.06	20.38	23.50	25.18		29.19	28.67	28.24	26.96	25.47	24.04	27.98	26.34
175	2030	44.50	24	12.51	0	1.151	1.367	1.301	1.340	1.350	1.340	0.913	1.155	1.238	1.213	1.293	1.331		15.19	18.53	18.55	20.14	20.80	20.75	10.07	14.30	21.07	20.38	23.50	25.17		28.96	28.53	28.14	26.94	25.50	24.07	27.34	26.13
175	2045	44.75	24	12.51	0	1.150	1.366	1.301	1.340	1.351	1.340	0.913	1.155	1.237	1.213	1.294	1.331		15.18	18.52	18.57	20.14	20.83	20.74	10.07	14.33	21.06	20.39	23.53	25.17		28.72	28.39	28.03	26.92	25.52	24.10	26.64	25.93
175	2100	45.00	24	12.5	0	1.149	1.364	1.300	1.339	1.351	1.340	0.913	1.154	1.237	1.213	1.294	1.332		15.17	18.47	18.56	20.11	20.83	20.73	10.07	14.30	21.07	20.39	23.53	25.20		28.47	28.24	27.93	26.89	25.53	24.13	25.94	25.71
175	2115	45.25	24	12.5	0	1.148	1.363	1.299	1.339	1.351	1.341	0.913	1.154	1.237	1.213	1.294	1.332		15.16	18.47	18.54	20.12	20.82	20.76	10.07	14.34	21.09	20.40	23.52	25.19		28.21	28.08	27.81	26.86	25.54	24.16	25.20	25.49
175	2130	45.50	24	12.5	0	1.147	1.362	1.298	1.338	1.351	1.341	0.913	1.154	1.237	1.213	1.294	1.332		15.15	18.47	18.54	20.09	20.82	20.76	10.07	14.37	21.11	20.40	23.52	25.18		27.95	27.92	27.68	26.81	25.55	24.19	24.51	25.30
175	2145	45.75	24	12.5	0	1.146	1.360	1.297	1.337	1.351	1.341	0.913	1.153	1.237	1.213	1.294	1.332		15.14	18.42	18.52	20.07	20.82	20.75	10.07	14.34	21.13	20.41	23.52	25.18		27.70	27.75	27.56	26.77	25.55	24.21	23.91	25.16
175	2200	46.00	24	12.5	0	1.144	1.359	1.296	1.337	1.351	1.341	0.913	1.153	1.236	1.213	1.294	1.333		15.05	18.43	18.52	20.08	20.82	20.75	10.07	14.38	21.12	20.42	23.52	25.21		27.45	27.57	27.42	26.71	25.54	24.24	23.48	25.11
175	2215	46.25	24	12.5	0	1.144	1.358	1.295	1.336	1.351	1.341	0.913	1.152	1.236	1.213	1.294	1.333		15.10	18.43	18.51	20.06	20.83	20.74	10.07	14.36	21.14	20.43	23.53	25.21		27.23	27.40	27.28	26.66	25.53	24.25	23.09	25.03
175	2230	46.50	24	12.5	0	1.143	1.357	1.294	1.335	1.351	1.341	0.913	1.152	1.236	1.212	1.294	1.333		15.08	18.44	18.50	20.04	20.83	20.74	10.07	14.39	21.16	20.40	23.53	25.21		27.01	27.23	27.15	26.59	25.52	24.26	22.68	24.90
175	2245	46.75	24	12.5	0	1.142	1.356	1.293	1.334	1.350	1.341	0.913	1.152	1.236	1.212	1.294	1.333		15.06	18.44	18.49	20.01	20.80	20.74	10.07	14.42	21.19	20.41	23.53	25.20		26.81	27.07	27.01	26.53	25.51	24.28	22.29	24.79
175	2300	47.00	24	12.49	0	1.141	1.355	1.293	1.334	1.350	1.341	0.913	1.151	1.235	1.212	1.294	1.333		15.03	18.44	18.52	20.03	20.80	20.74	10.07	14.39	21.17	20.42	23.53	25.20		26.61	26.91	26.87	26.46	25.49	24.29	21.90	24.68
175	2315	47.25	24	12.5	0	1.140	1.354	1.292	1.333	1.350	1.341	0.914	1.151	1.235	1.212	1.294	1.333		15.00	18.44	18.51	20.01	20.80	20.73	10.12	14.42	21.20	20.43	23.54	25.20		26.42	26.76	26.74	26.39	25.47	24.30	21.62	24.65
175	2330	47.50	24	12.5	0	1.139	1.353	1.291	1.332	1.350	1.341	0.914	1.151	1.235	1.212	1.294	1.333		14.96	18.44	18.50	19.99	20.81	20.73	10.12	14.45	21.22	20.44	23.54	25.19		26.25	26.61	26.61	26.32	25.44	24.31	21.39	24.61
175	2345	47.75	24	12.49	0	1.139	1.352	1.290	1.332	1.350	1.341	0.914	1.150	1.235	1.212	1.294	1.334		15.01	18.43	18.49	20.00	20.82	20.73	10.12	14.42	21.24	20.45	23.55	25.23		26.08	26.46	26.48	26.25	25.41	24.31	21.17	24.56
176	0	48.00	24	12.5	0	1.138	1.351	1.290	1.331	1.349	1.342	0.914	1.150	1.234	1.212	1.294	1.334		14.97	18.42	18.51	19.98	20.79	20.77	10.12	14.45	21.22	20.47	23.55	25.23		25.92	26.32	26.36	26.17	25.38	24.31	21.13	24.59
176	15	48.25	24	12.5	0	1.137	1.350	1.289	1.330	1.349	1.342	0.914	1.150	1.234	1.212	1.294	1.334		14.92	18.41	18.50	19.97	20.79	20.77	10.12	14.48	21.24	20.48	23.56	25.23		25.78	26.19	26.24	26.09	25.35	24.31	21.07	24.58
176	30	48.50	24	12.5	0	1.137	1.349	1.288	1.330	1.349	1.341	0.914	1.149	1.234	1.211	1.294	1.334		14.96	18.40	18.48	19.98	20.80	20.73	10.13	14.44	21.26	20.45	23.57	25.23		25.64	26.06	26.12	26.01	25.31	24.30	21.01	24.54
176	45	48.75	24	12.49	0	1.136	1.348	1.288	1.329	1.349	1.341	0.914	1.149	1.233	1.211	1.294	1.334		14.91	18.39	18.50	19.96	20.81	20.74	10.13	14.47	21.25	20.46	23.58	25.24		25.52	25.93	26.00	25.94	25.27	24.29	20.95	24.50
176	100	49.00	24	12.49	0	1.136	1.348	1.287	1.329	1.348	1.341	0.914	1.149	1.233	1.211	1.294	1.334		14.94	18.43	18.49	19.98	20.78	20.74	10.13	14.49	21.26	20.48	23.58	25.24		25.40	25.82	25.90	25.87	25.23	24.29	20.87	24.42
176	115	49.25	24	12.49	0	1.135	1.347	1.286	1.328	1.348	1.341	0.914	1.148	1.233	1.211	1.294	1.334		14.89	18.41	18.47	19.96	20.79	20.74	10.13	14.45	21.28	20.49	23.59	25.24		25.28	25.71	25.80	25.79	25.19	24.29	20.71	24.31
176	130	49.50	24	12.49	0	1.135	1.346	1.286	1.327	1.348	1.341	0.914	1.148	1.233	1.211	1.294	1.334		14.92	18.39	18.49	19.94	20.80	20.74	10.13	14.47	21.29	20.50	23.60	25.24		25.17	25.60	25.70	25.72	25.16	24.28	20.50	24.19
176	145	49.75	24	12.49	0	1.134	1.345	1.285	1.327	1.347	1.341	0.914	1.148	1.232	1.211	1.294	1.334		14.87	18.37	18.47	19.95	20.77	20.74	10.13	14.49	21.27	20.51	23.60	25.24		25.05	25.50	25.60	25.65	25.12	24.27	20.39	24.13
176	200	50.00	24	12.49	0	1.134	1.345	1.285	1.326	1.347	1.341	0.914	1.148	1.232	1.210	1.294	1.334		14.89	18.40	18.49	19.93	20.78	20.74	10.13	14.51	21.29	20.48	23.61	25.24		24.94	25.40	25.51	25.58	25.07	24.25	20.27	24.05
176	215	50.25	24	12.49	0	1.133	1.344	1.284	1.326	1.347	1.341	0.914	1.147	1.232	1.210	1.293	1.334		14.84	18.38	18.47	19.94	20.79	20.75	10.13	14.47	21.30	20.49	23.59	25.25		24.83	25.30	25.41	25.51	25.03	24.24	20.11	23.96
176	230	50.50	24	12.49	0	1.133	1.343	1.284	1.325	1.346	1.341	0.914	1.147	1.232	1.210	1.293	1.334		14.87	18.36	18.49	19.92	20.77	20.75	10.13	14.49	21.32	20.50	23.59	25.