Year	DOY	Hour	Site	V1	V2	V3	V4		Soil	Ercent	Eicent	Temp	Ercent25	Eicent25	waterwfv	NACLburden	concent	concent25	watercond																	
2002	179	900	33	1.8403	1.3819	1.0418	0.73176		2	10.45	6.73	25.93	10.71	6.65	0.185	0.2397	0.0187	0.0185	0.2068
2002	179	1000	33	1.8377	1.3776	1.035	0.62427		2	10.55	6.88	30.21	10.92	6.41	0.19	0.2266	0.0191	0.0178	0.1909
2002	179	1100	33	1.8362	1.375	1.0305	0.60793		2	10.58	6.97	30.92	10.96	6.43	0.191	0.2266	0.0194	0.0179	0.1901
2002	179	1200	33	1.8343	1.3722	1.0248	0.63902		2	10.52	7.11	29.58	10.87	6.68	0.189	0.2373	0.0198	0.0186	0.2013
2002	179	1300	33	1.8335	1.3706	1.0229	0.60794		2	10.59	7.13	30.92	10.97	6.57	0.191	0.2314	0.0198	0.0183	0.1938
2002	179	1400	33	1.8345	1.3727	1.0254	0.61251		2	10.51	7.12	30.72	10.89	6.58	0.189	0.2335	0.0198	0.0183	0.1974
2002	179	1500	33	1.8358	1.3748	1.0285	0.61471		2	10.48	7.07	30.62	10.86	6.55	0.189	0.233	0.0197	0.0182	0.1977
2002	179	1600	33	1.8365	1.3765	1.0313	0.62046		2	10.45	7.03	30.37	10.82	6.53	0.188	0.2331	0.0195	0.0181	0.1988
2002	179	1700	33	1.8369	1.3774	1.0325	0.56217		2	10.46	7.04	33.04	10.9	6.32	0.189	0.224	0.0196	0.0176	0.1893
2002	179	1800	33	1.8405	1.3828	1.0397	0.6312		2	10.33	6.94	29.91	10.68	6.48	0.185	0.2344	0.0193	0.018	0.2029
2002	179	1900	33	1.8437	1.3877	1.0481	0.6559		2	10.32	6.76	28.87	10.64	6.41	0.184	0.2325	0.0188	0.0178	0.2022
2002	179	2000	33	1.847	1.3933	1.0554	0.68144		2	10.18	6.69	27.85	10.48	6.43	0.18	0.2369	0.0186	0.0179	0.21
2002	179	2100	33	1.8494	1.3967	1.0613	0.63994		2	10.22	6.58	29.54	10.56	6.18	0.182	0.2261	0.0183	0.0172	0.1985
2002	179	2200	33	1.8515	1.4009	1.067	0.65154		2	10.11	6.53	29.05	10.44	6.17	0.18	0.2284	0.0182	0.0172	0.2036
2002	179	2300	33	1.854	1.4042	1.0722	0.66242		2	10.11	6.43	28.61	10.42	6.12	0.179	0.2267	0.0179	0.017	0.2024
2002	179	2400	33	1.8563	1.4078	1.0775	0.67425		2	10.06	6.36	28.13	10.37	6.09	0.178	0.2268	0.0177	0.0169	0.2038
2002	180	100	33	1.858	1.4114	1.0821	0.68642		2	9.96	6.33	27.65	10.24	6.1	0.175	0.23	0.0176	0.017	0.2099
2002	180	200	33	1.8603	1.4151	1.0877	0.69927		2	9.91	6.25	27.15	10.19	6.06	0.174	0.2298	0.0174	0.0168	0.2112
2002	180	300	33	1.8623	1.4183	1.0926	0.71113		2	9.88	6.17	26.7	10.14	6.03	0.173	0.2295	0.0172	0.0168	0.2121
2002	180	400	33	1.8643	1.4207	1.0963	0.72062		2	9.88	6.1	26.34	10.14	5.99	0.173	0.2282	0.017	0.0166	0.211
2002	180	500	33	1.8656	1.4235	1.0997	0.72699		2	9.8	6.09	26.11	10.04	6	0.171	0.2308	0.0169	0.0167	0.2161
2002	180	600	33	1.866	1.4239	1.1009	0.72386		2	9.83	6.05	26.22	10.08	5.95	0.172	0.2281	0.0168	0.0165	0.2126
2002	180	700	33	1.865	1.4232	1.099	0.761		2	9.75	6.11	24.88	9.96	6.12	0.169	0.2373	0.017	0.017	0.2244
2002	180	800	33	1.8631	1.42	1.0948	0.74302		2	9.82	6.15	25.52	10.05	6.11	0.171	0.2346	0.0171	0.017	0.2194
2002	180	900	33	1.8609	1.4159	1.0884	0.71749		2	9.88	6.25	26.46	10.14	6.12	0.173	0.2332	0.0174	0.017	0.2156
2002	180	1000	33	1.8572	1.4102	1.0798	0.61672		2	9.98	6.4	30.53	10.34	5.93	0.177	0.2217	0.0178	0.0165	0.2
2002	180	1100	33	1.8556	1.4081	1.0759	0.5917		2	9.97	6.5	31.65	10.35	5.94	0.178	0.2215	0.0181	0.0165	0.1994
2002	180	1200	33	1.8525	1.4035	1.0686	0.56313		2	10.01	6.63	32.99	10.42	5.96	0.179	0.2208	0.0184	0.0166	0.1972
2002	180	1300	33	1.8505	1.4	1.0634	0.57652		2	10.05	6.7	32.35	10.45	6.06	0.18	0.2242	0.0186	0.0169	0.1995
2002	180	1400	33	1.8523	1.4028	1.0666	0.57556		2	9.98	6.69	32.4	10.38	6.05	0.178	0.2252	0.0186	0.0168	0.2022
2002	180	1500	33	1.8529	1.4044	1.0699	0.58175		2	9.97	6.61	32.11	10.36	6.01	0.178	0.2239	0.0184	0.0167	0.2012
2002	180	1600	33	1.8551	1.4076	1.0744	0.58957		2	9.93	6.55	31.75	10.32	5.98	0.177	0.2239	0.0182	0.0166	0.2024
2002	180	1700	33	1.8567	1.4105	1.0778	0.59497		2	9.85	6.54	31.5	10.22	5.99	0.175	0.2263	0.0182	0.0166	0.2071
2002	180	1800	33	1.8576	1.4131	1.0819	0.60285		2	9.78	6.49	31.15	10.14	5.97	0.173	0.2272	0.018	0.0166	0.21
2002	180	1900	33	1.8615	1.4176	1.089	0.62317		2	9.81	6.35	30.25	10.15	5.9	0.173	0.2247	0.0176	0.0164	0.2075
2002	180	2000	33	1.8643	1.4234	1.0967	0.64532		2	9.65	6.28	29.31	9.96	5.92	0.169	0.2296	0.0175	0.0165	0.2172
2002	180	2100	33	1.8667	1.4276	1.1034	0.60751		2	9.63	6.19	30.94	9.98	5.71	0.17	0.221	0.0172	0.0159	0.2085
2002	180	2200	33	1.8701	1.4321	1.1101	0.62148		2	9.61	6.09	30.33	9.95	5.66	0.169	0.2196	0.0169	0.0157	0.2081
2002	180	2300	33	1.8721	1.4358	1.1153	0.63201		2	9.54	6.03	29.87	9.86	5.64	0.167	0.2209	0.0168	0.0157	0.2117
2002	180	2400	33	1.8741	1.4392	1.1199	0.63977		2	9.48	5.99	29.54	9.79	5.62	0.165	0.2219	0.0166	0.0156	0.2147
2002	181	100	33	1.8755	1.4414	1.1236	0.64618		2	9.47	5.92	29.28	9.78	5.58	0.165	0.2205	0.0165	0.0155	0.2137
2002	181	200	33	1.8771	1.444	1.1273	0.65187		2	9.44	5.88	29.04	9.74	5.56	0.164	0.2205	0.0163	0.0155	0.215
2002	181	300	33	1.8785	1.4463	1.1308	0.65902		2	9.41	5.83	28.75	9.71	5.53	0.163	0.2202	0.0162	0.0154	0.2157
2002	181	400	33	1.8801	1.4491	1.1343	0.66576		2	9.35	5.81	28.47	9.63	5.53	0.162	0.2219	0.0161	0.0154	0.2196
2002	181	500	33	1.8814	1.4512	1.1381	0.7308		2	9.32	5.72	25.97	9.55	5.64	0.16	0.2282	0.0159	0.0157	0.2283
2002	181	600	33	1.8821	1.4528	1.1403	0.74113		2	9.28	5.7	25.59	9.5	5.65	0.159	0.2299	0.0159	0.0157	0.2318
2002	181	700	33	1.8812	1.4517	1.1384	0.73037		2	9.27	5.74	25.98	9.5	5.66	0.159	0.2303	0.016	0.0157	0.2322
2002	181	800	33	1.8789	1.4479	1.1324	0.69136		2	9.31	5.84	27.46	9.58	5.64	0.16	0.2276	0.0162	0.0157	0.2269
2002	181	900	33	1.8775	1.4445	1.1274	0.67796		2	9.4	5.89	27.98	9.67	5.65	0.163	0.2256	0.0164	0.0157	0.222
2002	181	1000	33	1.8744	1.4403	1.1211	0.59103		2	9.45	6.01	31.68	9.81	5.49	0.166	0.216	0.0167	0.0153	0.2084
2002	181	1100	33	1.874	1.4391	1.1192	0.57223		2	9.49	6.04	32.56	9.87	5.45	0.167	0.2132	0.0168	0.0152	0.2041
2002	181	1200	33	1.8702	1.4333	1.1102	0.5871		2	9.51	6.17	31.86	9.88	5.62	0.167	0.2197	0.0172	0.0156	0.2101
2002	181	1300	33	1.8672	1.4286	1.1034	0.56319		2	9.58	6.26	32.99	9.97	5.62	0.169	0.2178	0.0174	0.0156	0.2057
2002	181	1400	33	1.8686	1.4315	1.107	0.54701		2	9.5	6.26	33.78	9.92	5.56	0.168	0.2166	0.0174	0.0155	0.2062
2002	181	1500	33	1.8722	1.4369	1.1149	0.56728		2	9.45	6.14	32.79	9.83	5.53	0.166	0.2172	0.0171	0.0154	0.209
2002	181	1600	33	1.8741	1.4401	1.1195	0.57843		2	9.4	6.08	32.27	9.77	5.51	0.165	0.218	0.0169	0.0153	0.2116
2002	181	1700	33	1.8757	1.442	1.1224	0.57338		2	9.41	6.04	32.5	9.79	5.45	0.165	0.2152	0.0168	0.0152	0.2084
2002	181	1800	33	1.8776	1.4458	1.1281	0.59293		2	9.34	5.96	31.6	9.69	5.45	0.163	0.2173	0.0166	0.0152	0.2132
2002	181	1900	33	1.8805	1.4512	1.1357	0.61314		2	9.23	5.88	30.69	9.56	5.44	0.16	0.2199	0.0164	0.0151	0.2198
2002	181	2000	33	1.8837	1.4562	1.1428	0.63462		2	9.16	5.79	29.76	9.47	5.43	0.158	0.2213	0.0161	0.0151	0.2241
2002	181	2100	33	1.8859	1.4594	1.1487	0.59541		2	9.21	5.69	31.48	9.56	5.21	0.16	0.2104	0.0158	0.0145	0.2103
2002	181	2200	33	1.8886	1.4639	1.1548	0.6067		2	9.13	5.63	30.98	9.47	5.19	0.158	0.2116	0.0156	0.0144	0.2143
2002	181	2300	33	1.8912	1.4681	1.1605	0.61919		2	9.07	5.57	30.43	9.39	5.17	0.156	0.2129	0.0155	0.0144	0.2182
2002	181	2400	33	1.8927	1.472	1.166	0.63006		2	8.96	5.53	29.96	9.27	5.17	0.153	0.2153	0.0154	0.0144	0.2247
2002	182	100	33	1.8945	1.4744	1.1701	0.63742		2	8.98	5.45	29.64	9.28	5.12	0.154	0.213	0.0152	0.0142	0.222
2002	182	200	33	1.8964	1.4769	1.1735	0.64484		2	8.96	5.41	29.33	9.25	5.1	0.153	0.2129	0.015	0.0142	0.2228
2002	182	300	33	1.8979	1.48	1.1783	0.71822		2	8.88	5.34	26.43	9.11	5.23	0.15	0.2219	0.0148	0.0145	0.2373
2002	182	400	33	1.8989	1.4818	1.1807	0.73134		2	8.84	5.32	25.95	9.06	5.25	0.148	0.2238	0.0148	0.0146	0.2412
2002	182	500	33	1.8999	1.4833	1.1836	0.74113		2	8.86	5.26	25.59	9.07	5.22	0.149	0.2222	0.0146	0.0145	0.2392
2002	182	600	33	1.9002	1.4839	1.1845	0.7438		2	8.85	5.25	25.49	9.05	5.21	0.148	0.2224	0.0146	0.0145	0.2399
2002	182	700	33	1.8994	1.483	1.183	0.73379		2	8.84	5.28	25.86	9.05	5.22	0.148	0.2225	0.0147	0.0145	0.2401
2002	182	800	33	1.8973	1.4795	1.1771	0.69542		2	8.86	5.38	27.3	9.11	5.21	0.15	0.221	0.015	0.0145	0.2364
2002	182	900	33	1.8964	1.4773	1.1738	0.68682		2	8.91	5.41	27.64	9.16	5.22	0.151	0.22	0.0151	0.0145	0.2333
2002	182	1000	33	1.8946	1.4743	1.1696	0.60569		2	8.99	5.48	31.02	9.32	5.04	0.154	0.2091	0.0152	0.014	0.2166
2002	182	1100	33	1.893	1.4718	1.1659	0.5781		2	9.02	5.53	32.28	9.38	5.01	0.156	0.2063	0.0154	0.0139	0.2117
2002	182	1200	33	1.8887	1.465	1.1557	0.60255		2	9.06	5.66	31.16	9.4	5.2	0.156	0.2137	0.0157	0.0145	0.2187
2002	182	1300	33	1.8863	1.4611	1.1487	0.56538		2	9.07	5.8	32.88	9.44	5.21	0.157	0.2131	0.0161	0.0145	0.2166
2002	182	1400	33	1.8877	1.4637	1.1529	0.56133		2	9.05	5.74	33.08	9.43	5.14	0.157	0.2108	0.0159	0.0143	0.2148
2002	182	1500	33	1.8908	1.4689	1.1607	0.58367		2	8.99	5.63	32.02	9.34	5.12	0.155	0.2118	0.0157	0.0142	0.2187
2002	182	1600	33	1.8939	1.4723	1.1649	0.5935		2	8.97	5.58	31.57	9.31	5.11	0.154	0.2118	0.0155	0.0142	0.2195
2002	182	1700	33	1.8946	1.475	1.1694	0.60048		2	8.91	5.53	31.25	9.24	5.08	0.153	0.2123	0.0154	0.0141	0.2224
2002	182	1800	33	1.8965	1.4786	1.1748	0.61322		2	8.85	5.46	30.69	9.17	5.06	0.151	0.2129	0.0152	0.0141	0.2255
2002	182	1900	33	1.8992	1.4831	1.1816	0.63106		2	8.8	5.38	29.91	9.1	5.02	0.15	0.2131	0.0149	0.014	0.2281
2002	182	2000	33	1.9025	1.488	1.1885	0.65379		2	8.75	5.29	28.96	9.03	5.01	0.148	0.2144	0.0147	0.0139	0.2322
2002	182	2100	33	1.9045	1.4913	1.1938	0.61162		2	8.76	5.23	30.76	9.07	4.83	0.149	0.2058	0.0145	0.0134	0.2214
2002	182	2200	33	1.907	1.4953	1.1995	0.62354		2	8.71	5.17	30.24	9.01	4.81	0.147	0.2061	0.0144	0.0134	0.2239
2002	182	2300	33	1.9094	1.4994	1.2052	0.6367		2	8.64	5.11	29.67	8.93	4.79	0.145	0.2072	0.0142	0.0133	0.2279
2002	182	2400	33	1.9113	1.5024	1.21	0.64752		2	8.63	5.04	29.22	8.91	4.76	0.145	0.2062	0.014	0.0132	0.2277
2002	183	100	33	1.9133	1.5057	1.2147	0.65874		2	8.59	4.99	28.76	8.86	4.74	0.144	0.2066	0.0139	0.0132	0.2302
2002	183	200	33	1.9149	1.5086	1.2189	0.66816		2	8.54	4.95	28.38	8.8	4.72	0.142	0.2071	0.0138	0.0131	0.2328
2002	183	300	33	1.9168	1.5112	1.2224	0.67833		2	8.52	4.91	27.97	8.77	4.71	0.142	0.2075	0.0137	0.0131	0.2345
2002	183	400	33	1.9183	1.514	1.2262	0.68642		2	8.47	4.88	27.65	8.71	4.7	0.14	0.2086	0.0136	0.0131	0.2382
2002	183	500	33	1.9192	1.5162	1.2303	0.76052		2	8.43	4.8	24.9	8.62	4.81	0.138	0.2157	0.0134	0.0134	0.2504
2002	183	600	33	1.9199	1.5175	1.2326	0.76931		2	8.42	4.77	24.59	8.6	4.8	0.138	0.2153	0.0133	0.0133	0.2504
2002	183	700	33	1.9193	1.5167	1.2307	0.75954		2	8.4	4.81	24.93	8.59	4.82	0.137	0.2168	0.0134	0.0134	0.2528
2002	183	800	33	1.9165	1.5113	1.2229	0.70999		2	8.5	4.9	26.74	8.73	4.78	0.141	0.2114	0.0136	0.0133	0.2408
2002	183	900	33	1.9146	1.5085	1.218	0.69691		2	8.49	4.98	27.24	8.73	4.83	0.141	0.2136	0.0138	0.0134	0.2433
2002	183	1000	33	1.9125	1.5043	1.212	0.61366		2	8.6	5.05	30.67	8.91	4.67	0.145	0.2027	0.014	0.013	0.224
2002	183	1100	33	1.9113	1.5019	1.2083	0.58645		2	8.64	5.1	31.89	8.98	4.64	0.146	0.1998	0.0142	0.0129	0.2183
2002	183	1200	33	1.9074	1.4956	1.199	0.60984		2	8.69	5.2	30.84	9	4.8	0.147	0.2061	0.0145	0.0134	0.2242
2002	183	1300	33	1.9045	1.4922	1.1936	0.57547		2	8.67	5.3	32.4	9.02	4.8	0.148	0.2054	0.0147	0.0133	0.2227
2002	183	1400	33	1.9061	1.4943	1.1965	0.57357		2	8.66	5.27	32.49	9.01	4.76	0.147	0.204	0.0146	0.0132	0.2216
2002	183	1500	33	1.9091	1.4988	1.2036	0.5891		2	8.65	5.16	31.77	8.98	4.71	0.147	0.2026	0.0144	0.0131	0.2211
2002	183	1600	33	1.9107	1.5015	1.2075	0.59941		2	8.61	5.12	31.3	8.93	4.7	0.145	0.2031	0.0142	0.0131	0.2235
2002	183	1700	33	1.9115	1.5036	1.2101	0.59971		2	8.54	5.11	31.29	8.86	4.69	0.144	0.2046	0.0142	0.0131	0.2276
2002	183	1800	33	1.9127	1.5059	1.2135	0.60911		2	8.51	5.08	30.87	8.82	4.69	0.143	0.2053	0.0141	0.013	0.2302
2002	183	1900	33	1.9159	1.5112	1.2214	0.63374		2	8.45	4.98	29.8	8.74	4.66	0.141	0.2061	0.0138	0.013	0.2344
2002	183	2000	33	1.9191	1.5164	1.2291	0.65785		2	8.4	4.89	28.79	8.66	4.64	0.139	0.2069	0.0136	0.0129	0.2383
2002	183	2100	33	1.9214	1.5195	1.234	0.61535		2	8.42	4.83	30.59	8.72	4.47	0.14	0.1979	0.0134	0.0124	0.2255
2002	183	2200	33	1.9237	1.5233	1.2391	0.62588		2	8.36	4.78	30.14	8.65	4.46	0.139	0.199	0.0133	0.0124	0.2295
2002	183	2300	33	1.9257	1.527	1.2444	0.63742		2	8.31	4.73	29.64	8.58	4.44	0.137	0.1998	0.0132	0.0123	0.2333
2002	183	2400	33	1.9273	1.53	1.2491	0.64897		2	8.27	4.68	29.16	8.54	4.41	0.136	0.1997	0.013	0.0123	0.2349
2002	184	100	33	1.9292	1.5337	1.2536	0.6618		2	8.18	4.66	28.63	8.43	4.43	0.133	0.203	0.013	0.0123	0.2434
2002	184	200	33	1.9313	1.5367	1.258	0.67365		2	8.16	4.61	28.16	8.41	4.41	0.133	0.2026	0.0128	0.0123	0.2441
2002	184	300	33	1.9332	1.5392	1.2621	0.68515		2	8.17	4.54	27.7	8.41	4.37	0.133	0.2009	0.0126	0.0122	0.2421
2002	184	400	33	1.934	1.541	1.2648	0.69118		2	8.14	4.52	27.46	8.37	4.36	0.132	0.2013	0.0126	0.0121	0.2442
2002	184	500	33	1.9347	1.543	1.2679	0.76395		2	8.08	4.48	24.77	8.26	4.49	0.129	0.2101	0.0124	0.0125	0.2606
2002	184	600	33	1.935	1.5442	1.2695	0.77225		2	8.04	4.47	24.48	8.21	4.5	0.128	0.212	0.0124	0.0125	0.2653
2002	184	700	33	1.934	1.5418	1.2663	0.7584		2	8.1	4.49	24.97	8.28	4.49	0.13	0.2095	0.0125	0.0125	0.2586
2002	184	800	33	1.9313	1.5365	1.2585	0.70886		2	8.19	4.57	26.79	8.41	4.46	0.133	0.2047	0.0127	0.0124	0.2467
2002	184	900	33	1.9285	1.5315	1.2508	0.69139		2	8.24	4.66	27.46	8.47	4.5	0.134	0.2053	0.013	0.0125	0.2445
2002	184	1000	33	1.9265	1.5283	1.2462	0.66182		2	8.28	4.71	28.63	8.54	4.48	0.136	0.2027	0.0131	0.0125	0.2386
2002	184	1100	33	1.9237	1.5243	1.2402	0.58082		2	8.33	4.8	32.15	8.66	4.36	0.139	0.1946	0.0134	0.0121	0.2243
2002	184	1200	33	1.9201	1.5186	1.2317	0.60702		2	8.35	4.9	30.96	8.66	4.51	0.139	0.2014	0.0136	0.0126	0.2319
2002	184	1300	33	1.9198	1.5183	1.2312	0.59958		2	8.35	4.91	31.29	8.66	4.51	0.139	0.2009	0.0136	0.0125	0.2312
2002	184	1400	33	1.9205	1.5186	1.2308	0.58424		2	8.35	4.93	32	8.68	4.49	0.139	0.1998	0.0137	0.0125	0.2294
2002	184	1500	33	1.9215	1.5199	1.2331	0.59167		2	8.36	4.89	31.65	8.68	4.47	0.139	0.1988	0.0136	0.0124	0.228
2002	184	1600	33	1.9217	1.5213	1.235	0.59597		2	8.31	4.89	31.46	8.62	4.47	0.138	0.2005	0.0136	0.0124	0.2326
2002	184	1700	33	1.9227	1.5227	1.2376	0.60095		2	8.32	4.84	31.23	8.63	4.44	0.138	0.1988	0.0134	0.0124	0.2302
2002	184	1800	33	1.9242	1.5254	1.2415	0.61189		2	8.28	4.8	30.75	8.58	4.43	0.137	0.1996	0.0133	0.0123	0.2332
2002	184	1900	33	1.9273	1.5308	1.2496	0.63719		2	8.22	4.7	29.65	8.49	4.41	0.135	0.2006	0.0131	0.0123	0.238
2002	184	2000	33	1.9298	1.5348	1.2552	0.65619		2	8.17	4.65	28.86	8.43	4.4	0.133	0.2019	0.0129	0.0122	0.2425
2002	184	2100	33	1.9322	1.5388	1.2611	0.67552		2	8.13	4.58	28.08	8.37	4.39	0.132	0.2026	0.0127	0.0122	0.246
2002	184	2200	33	1.9336	1.541	1.2643	0.67933		2	8.11	4.55	27.93	8.34	4.36	0.131	0.202	0.0126	0.0121	0.2464
2002	184	2300	33	1.9351	1.5432	1.2674	0.69311		2	8.09	4.51	27.39	8.31	4.36	0.13	0.2028	0.0125	0.0121	0.2488
2002	184	2400	33	1.9357	1.5448	1.2696	0.70258		2	8.04	4.5	27.03	8.26	4.37	0.129	0.2045	0.0125	0.0122	0.2533
2002	185	100	33	1.9364	1.5465	1.272	0.71449		2	8	4.48	26.57	8.21	4.38	0.128	0.2062	0.0125	0.0122	0.2578
2002	185	200	33	1.9374	1.548	1.2748	0.72493		2	8.01	4.43	26.18	8.22	4.36	0.128	0.2049	0.0123	0.0121	0.256
2002	185	300	33	1.9384	1.5496	1.277	0.73437		2	7.99	4.41	25.84	8.19	4.36	0.127	0.2057	0.0123	0.0121	0.2584
2002	185	400	33	1.939	1.5504	1.2784	0.74286		2	8	4.39	25.53	8.19	4.35	0.127	0.2054	0.0122	0.0121	0.2581
2002	185	500	33	1.9395	1.5518	1.2797	0.75122		2	7.94	4.4	25.23	8.12	4.39	0.126	0.2087	0.0122	0.0122	0.2659
2002	185	600	33	1.939	1.5512	1.2796	0.74956		2	7.96	4.38	25.29	8.15	4.36	0.126	0.2068	0.0122	0.0121	0.2619
2002	185	700	33	1.9379	1.549	1.2765	0.73512		2	8.01	4.41	25.81	8.2	4.36	0.128	0.2052	0.0123	0.0121	0.2572
2002	185	800	33	1.9361	1.5451	1.2704	0.70145		2	8.07	4.48	27.07	8.29	4.35	0.13	0.2027	0.0124	0.0121	0.2499
2002	185	900	33	1.9338	1.5409	1.2642	0.6807		2	8.12	4.54	27.88	8.36	4.36	0.132	0.2016	0.0126	0.0121	0.2451
2002	185	1000	33	1.9312	1.5365	1.2579	0.59709		2	8.21	4.62	31.41	8.51	4.23	0.135	0.192	0.0128	0.0118	0.2269
2002	185	1100	33	1.9289	1.533	1.2528	0.6142		2	8.22	4.67	30.64	8.52	4.32	0.135	0.1961	0.013	0.012	0.2316
2002	185	1200	33	1.9264	1.5295	1.2469	0.60512		2	8.21	4.77	31.05	8.51	4.39	0.135	0.1992	0.0132	0.0122	0.2356
2002	185	1300	33	1.9244	1.525	1.2397	0.56847		2	8.28	4.86	32.74	8.62	4.38	0.138	0.1961	0.0135	0.0122	0.2274
2002	185	1400	33	1.9241	1.5247	1.2403	0.57347		2	8.32	4.82	32.5	8.65	4.35	0.139	0.1944	0.0134	0.0121	0.2242
2002	185	1500	33	1.9258	1.5281	1.2449	0.5871		2	8.24	4.78	31.86	8.56	4.36	0.137	0.1966	0.0133	0.0121	0.2304
2002	185	1600	33	1.9267	1.5307	1.2487	0.59674		2	8.18	4.75	31.42	8.49	4.36	0.135	0.1983	0.0132	0.0121	0.2355
2002	185	1700	33	1.9303	1.5362	1.2568	0.62656		2	8.13	4.66	30.11	8.41	4.34	0.133	0.1993	0.0129	0.0121	0.24
2002	185	1800	33	1.9349	1.5436	1.2673	0.6636		2	8.04	4.55	28.56	8.29	4.33	0.13	0.2017	0.0126	0.012	0.2484
2002	185	1900	33	1.9368	1.5463	1.2715	0.62037		2	8.06	4.5	30.37	8.34	4.18	0.131	0.1936	0.0125	0.0116	0.2361
2002	185	2000	33	1.9386	1.5497	1.2767	0.63124		2	8.02	4.44	29.91	8.29	4.15	0.13	0.1935	0.0124	0.0115	0.2382
2002	185	2100	33	1.9407	1.5531	1.2809	0.68328		2	7.94	4.42	27.77	8.17	4.25	0.127	0.2007	0.0123	0.0118	0.2529
2002	185	2200	33	1.9421	1.556	1.2858	0.71857		2	7.91	4.35	26.42	8.12	4.26	0.126	0.2027	0.0121	0.0118	0.2583
2002	185	2300	33	1.9429	1.5575	1.2882	0.73035		2	7.9	4.32	25.98	8.09	4.26	0.125	0.2031	0.012	0.0118	0.2601
2002	185	2400	33	1.9437	1.5591	1.2905	0.74051		2	7.87	4.3	25.61	8.06	4.26	0.124	0.2041	0.0119	0.0118	0.2632
2002	186	100	33	1.9447	1.5605	1.2926	0.75063		2	7.86	4.27	25.25	8.05	4.25	0.124	0.2042	0.0119	0.0118	0.264
2002	186	200	33	1.9451	1.5609	1.2933	0.75599		2	7.87	4.26	25.06	8.05	4.25	0.124	0.204	0.0118	0.0118	0.2635
2002	186	300	33	1.9456	1.562	1.2947	0.76408		2	7.84	4.25	24.77	8.02	4.26	0.123	0.2054	0.0118	0.0119	0.2672
2002	186	400	33	1.9457	1.5628	1.2961	0.77253		2	7.82	4.23	24.47	7.99	4.27	0.122	0.2062	0.0118	0.0119	0.2697
2002	186	500	33	1.9464	1.5636	1.2973	0.77963		2	7.83	4.22	24.23	7.99	4.26	0.122	0.2062	0.0117	0.0119	0.2696
2002	186	600	33	1.9462	1.5634	1.2967	0.77754		2	7.81	4.23	24.3	7.98	4.28	0.122	0.2071	0.0118	0.0119	0.2715
2002	186	700	33	1.9448	1.561	1.2936	0.7645		2	7.86	4.25	24.76	8.03	4.27	0.123	0.2053	0.0118	0.0119	0.2664
2002	186	800	33	1.9425	1.5567	1.2871	0.72833		2	7.91	4.32	26.06	8.11	4.26	0.125	0.2029	0.012	0.0118	0.2589
2002	186	900	33	1.94	1.5525	1.2803	0.70215		2	7.93	4.42	27.04	8.15	4.29	0.126	0.2033	0.0123	0.0119	0.2573
2002	186	1000	33	1.9371	1.547	1.2726	0.61307		2	8.05	4.49	30.69	8.34	4.15	0.131	0.1924	0.0125	0.0116	0.2346
2002	186	1100	33	1.9352	1.5433	1.2669	0.61024		2	8.1	4.55	30.82	8.39	4.21	0.132	0.1936	0.0127	0.0117	0.2342
2002	186	1200	33	1.9311	1.5368	1.2579	0.61045		2	8.17	4.63	30.81	8.46	4.28	0.134	0.1954	0.0129	0.0119	0.2332
2002	186	1300	33	1.9298	1.5345	1.2538	0.57471		2	8.18	4.71	32.44	8.51	4.26	0.135	0.1932	0.0131	0.0118	0.2287
2002	186	1400	33	1.9277	1.532	1.2504	0.56847		2	8.18	4.75	32.74	8.52	4.27	0.135	0.1939	0.0132	0.0119	0.229
2002	186	1500	33	1.935	1.5441	1.2684	0.64288		2	8.05	4.53	29.41	8.32	4.27	0.131	0.1981	0.0126	0.0119	0.2429
2002	186	1600	33	1.9391	1.5505	1.278	0.61878		2	8.02	4.43	30.44	8.31	4.11	0.13	0.1911	0.0123	0.0114	0.2346
2002	186	1700	33	1.9393	1.5507	1.2778	0.6073		2	8.01	4.45	30.95	8.31	4.1	0.13	0.1907	0.0124	0.0114	0.2342
2002	186	1800	33	1.9395	1.551	1.2777	0.65524		2	7.97	4.46	28.9	8.22	4.22	0.128	0.1983	0.0124	0.0117	0.2474
2002	186	1900	33	1.9408	1.5535	1.2813	0.67257		2	7.93	4.42	28.2	8.17	4.23	0.127	0.2	0.0123	0.0118	0.2523
2002	186	2000	33	1.9426	1.5562	1.2858	0.68959		2	7.93	4.35	27.53	8.15	4.2	0.127	0.1991	0.0121	0.0117	0.2517
2002	186	2100	33	1.9438	1.5589	1.2896	0.70555		2	7.87	4.32	26.91	8.08	4.21	0.125	0.2012	0.012	0.0117	0.258
2002	186	2200	33	1.9449	1.561	1.2925	0.71872		2	7.83	4.3	26.41	8.04	4.22	0.124	0.2027	0.012	0.0117	0.2625
2002	186	2300	33	1.9459	1.5626	1.2947	0.73023		2	7.81	4.28	25.99	8.01	4.22	0.123	0.2037	0.0119	0.0117	0.2654
2002	186	2400	33	1.9466	1.5638	1.2969	0.74005		2	7.81	4.25	25.63	8	4.21	0.123	0.2031	0.0118	0.0117	0.2649
2002	187	100	33	1.9471	1.565	1.2991	0.7505		2	7.81	4.21	25.25	7.99	4.2	0.122	0.203	0.0117	0.0117	0.2656
2002	187	200	33	1.9479	1.5658	1.3002	0.75792		2	7.81	4.2	24.99	7.99	4.2	0.122	0.2031	0.0117	0.0117	0.2657
2002	187	300	33	1.9481	1.5664	1.3013	0.76396		2	7.8	4.18	24.77	7.97	4.2	0.122	0.2032	0.0116	0.0117	0.2665
2002	187	400	33	1.9484	1.5672	1.302	0.76805		2	7.77	4.19	24.63	7.94	4.21	0.121	0.2051	0.0117	0.0117	0.2711
2002	187	500	33	1.9488	1.5672	1.3026	0.77373		2	7.81	4.16	24.43	7.98	4.19	0.122	0.2032	0.0116	0.0117	0.2664
2002	187	600	33	1.9488	1.5672	1.3019	0.77373		2	7.78	4.19	24.43	7.95	4.22	0.121	0.2052	0.0116	0.0117	0.2706
2002	187	700	33	1.9474	1.5652	1.2994	0.76169		2	7.81	4.21	24.85	7.98	4.21	0.122	0.2039	0.0117	0.0117	0.2669
2002	187	800	33	1.9446	1.5613	1.293	0.72726		2	7.81	4.3	26.1	8	4.24	0.123	0.2045	0.012	0.0118	0.2667
2002	187	900	33	1.9425	1.5562	1.2857	0.69807		2	7.92	4.36	27.2	8.14	4.23	0.126	0.2006	0.0121	0.0117	0.2546
2002	187	1000	33	1.9389	1.5504	1.2776	0.60839		2	8.01	4.45	30.9	8.3	4.1	0.13	0.1907	0.0124	0.0114	0.2343
2002	187	1100	33	1.9368	1.5464	1.2714	0.61949		2	8.05	4.51	30.41	8.33	4.19	0.131	0.1942	0.0125	0.0116	0.2374
2002	187	1200	33	1.9325	1.5394	1.261	0.60681		2	8.11	4.63	30.97	8.4	4.26	0.133	0.196	0.0129	0.0119	0.2365
2002	187	1300	33	1.93	1.5358	1.2558	0.57666		2	8.14	4.69	32.35	8.46	4.25	0.134	0.1939	0.013	0.0118	0.2313
2002	187	1400	33	1.9367	1.5467	1.2714	0.64221		2	8	4.53	29.44	8.27	4.26	0.129	0.1989	0.0126	0.0118	0.2461
2002	187	1500	33	1.9426	1.5566	1.2856	0.70218		2	7.88	4.38	27.04	8.09	4.26	0.125	0.2032	0.0122	0.0118	0.2601
2002	187	1600	33	1.9449	1.5604	1.2916	0.66639		2	7.88	4.31	28.45	8.12	4.11	0.126	0.1957	0.012	0.0114	0.2494
2002	187	1700	33	1.9461	1.5625	1.2947	0.67113		2	7.85	4.28	28.26	8.09	4.09	0.125	0.1954	0.0119	0.0114	0.2504
2002	187	1800	33	1.9471	1.5651	1.2986	0.74422		2	7.78	4.24	25.48	7.96	4.21	0.122	0.2042	0.0118	0.0117	0.2685
2002	187	1900	33	1.9478	1.5658	1.3	0.75258		2	7.8	4.21	25.18	7.98	4.2	0.122	0.2032	0.0117	0.0117	0.2663
2002	187	2000	33	1.9481	1.5667	1.3015	0.76376		2	7.78	4.19	24.78	7.95	4.2	0.121	0.2041	0.0116	0.0117	0.2689
2002	187	2100	33	1.9491	1.568	1.3031	0.77662		2	7.77	4.18	24.33	7.93	4.22	0.121	0.2055	0.0116	0.0117	0.272
2002	187	2200	33	1.9494	1.5693	1.3046	0.78713		2	7.71	4.18	23.97	7.87	4.24	0.119	0.2084	0.0116	0.0118	0.2794
2002	187	2300	33	1.9501	1.5702	1.3062	0.79792		2	7.72	4.15	23.61	7.87	4.24	0.119	0.208	0.0115	0.0118	0.2789
2002	187	2400	33	1.9504	1.571	1.3076	0.80776		2	7.71	4.14	23.28	7.85	4.24	0.119	0.2085	0.0115	0.0118	0.2805
2002	188	100	33	1.9507	1.5718	1.3088	0.81621		2	7.69	4.13	23	7.83	4.25	0.118	0.2095	0.0115	0.0118	0.2831
2002	188	200	33	1.9511	1.5718	1.3091	0.82225		2	7.72	4.11	22.8	7.86	4.24	0.119	0.2084	0.0114	0.0118	0.28
2002	188	300	33	1.9507	1.5718	1.3094	0.82592		2	7.71	4.1	22.68	7.84	4.24	0.119	0.2088	0.0114	0.0118	0.2813
2002	188	400	33	1.9511	1.5718	1.3094	0.82928		2	7.73	4.09	22.57	7.86	4.24	0.119	0.2083	0.0114	0.0118	0.2796
2002	188	500	33	1.9507	1.5718	1.3091	0.83162		2	7.7	4.11	22.49	7.83	4.26	0.118	0.2104	0.0114	0.0119	0.2845
2002	188	600	33	1.9507	1.5715	1.3088	0.83162		2	7.72	4.11	22.49	7.85	4.26	0.119	0.2097	0.0114	0.0118	0.2825
2002	188	700	33	1.9501	1.5702	1.3069	0.82371		2	7.74	4.12	22.75	7.87	4.26	0.119	0.209	0.0115	0.0118	0.2799
2002	188	800	33	1.9486	1.5673	1.3021	0.80221		2	7.76	4.19	23.46	7.91	4.28	0.12	0.209	0.0116	0.0119	0.2778
2002	188	900	33	1.9458	1.5621	1.2944	0.70129		2	7.85	4.27	27.07	8.07	4.15	0.124	0.1987	0.0119	0.0115	0.2556
2002	188	1000	33	1.9441	1.5589	1.29	0.67793		2	7.91	4.31	27.99	8.15	4.13	0.126	0.196	0.012	0.0115	0.2482
2002	188	1100	33	1.9427	1.5562	1.2854	0.65859		2	7.93	4.37	28.76	8.18	4.15	0.127	0.196	0.0122	0.0115	0.2467
2002	188	1200	33	1.9407	1.5526	1.2802	0.63882		2	7.98	4.42	29.58	8.25	4.15	0.129	0.1945	0.0123	0.0115	0.2416
2002	188	1300	33	1.9391	1.549	1.2756	0.6134		2	8.08	4.45	30.68	8.37	4.11	0.132	0.1898	0.0124	0.0114	0.2303
2002	188	1400	33	1.9384	1.5489	1.2748	0.66461		2	8	4.47	28.52	8.25	4.26	0.129	0.1996	0.0124	0.0118	0.2478
2002	188	1500	33	1.9381	1.548	1.2736	0.66738		2	8.03	4.48	28.41	8.27	4.27	0.129	0.1995	0.0125	0.0119	0.2467
2002	188	1600	33	1.937	1.5469	1.2723	0.6567		2	8.03	4.49	28.84	8.28	4.26	0.13	0.1986	0.0125	0.0118	0.2451
2002	188	1700	33	1.936	1.5462	1.2734	0.686		2	8.07	4.42	27.67	8.31	4.26	0.13	0.198	0.0123	0.0118	0.2431
2002	188	1800	33	1.9393	1.5514	1.2795	0.70495		2	7.97	4.4	26.93	8.19	4.28	0.127	0.2019	0.0122	0.0119	0.2537
2002	188	1900	33	1.9393	1.5514	1.2803	0.71517		2	8	4.36	26.55	8.21	4.27	0.128	0.201	0.0121	0.0119	0.2515
2002	188	2000	33	1.9277	1.522	1.2574	0.70096		2	9.29	3.87	27.09	9.55	3.76	0.16	0.152	0.0108	0.0104	0.1522
2002	188	2100	33	1.9326	1.5179	1.2344	0.69248		2	9.14	4.5	27.41	9.4	4.35	0.156	0.1788	0.0125	0.0121	0.1829
2002	188	2200	33	1.9225	1.4878	1.2145	0.66516		2	10.64	3.79	28.5	10.96	3.61	0.191	0.1272	0.0105	0.01	0.1067
2002	188	2300	33	1.8994	1.3948	1.1293	0.59462		2	14.54	2.29	31.52	15.09	2.1	0.266	0.0537	0.0064	0.0058	0.0323
2002	188	2400	33	1.9166	1.3907	1.1195	0.61783		2	15.29	2.1	30.49	15.83	1.95	0.277	0.0476	0.0058	0.0054	0.0275
2002	189	100	33	1.8992	1.3952	1.1229	0.60482		2	14.4	2.58	31.06	14.93	2.38	0.263	0.0615	0.0072	0.0066	0.0374
2002	189	200	33	1.9037	1.3389	1.073	0.55329		2	17.37	1.08	33.47	18.11	0.96	0.308	0.0206	0.003	0.0027	0.0107
2002	189	300	33	1.9449	1.5604	1.2931	0.78405		2	7.89	4.24	24.08	8.05	4.29	0.124	0.2059	0.0118	0.0119	0.2657
2002	189	400	33	1.9451	1.5612	1.2939	0.78915		2	7.86	4.24	23.9	8.01	4.31	0.123	0.2078	0.0118	0.012	0.2704
2002	189	500	33	1.9451	1.5612	1.2939	0.79451		2	7.85	4.24	23.72	8.01	4.32	0.123	0.2084	0.0118	0.012	0.2715
2002	189	600	33	1.9454	1.5612	1.2939	0.7955		2	7.87	4.24	23.69	8.02	4.32	0.123	0.2079	0.0118	0.012	0.27
2002	189	700	33	1.9441	1.5594	1.2915	0.78353		2	7.89	4.26	24.1	8.05	4.31	0.124	0.2071	0.0118	0.012	0.2676
2002	189	800	33	1.9424	1.5563	1.2859	0.75589		2	7.89	4.35	25.06	8.07	4.34	0.124	0.2079	0.0121	0.0121	0.2675
2002	189	900	33	1.9392	1.5501	1.2773	0.65786		2	8.03	4.43	28.79	8.28	4.2	0.13	0.196	0.0123	0.0117	0.242
2002	189	1000	33	1.9367	1.5465	1.2712	0.63041		2	8.02	4.52	29.94	8.29	4.23	0.13	0.1969	0.0126	0.0118	0.2424
2002	189	1100	33	1.9347	1.5422	1.265	0.59704		2	8.11	4.58	31.41	8.41	4.2	0.133	0.1928	0.0127	0.0117	0.2321
2002	189	1200	33	1.9278	1.5327	1.2525	0.62824		2	8.17	4.68	30.04	8.46	4.37	0.134	0.1996	0.013	0.0121	0.2384
2002	189	1300	33	1.9122	1.4938	1.2191	0.55571		2	9.84	4.15	33.35	10.26	3.71	0.176	0.1396	0.0115	0.0103	0.1272
2002	189	1400	33	1.9277	1.5303	1.2477	0.59395		2	8.23	4.76	31.55	8.55	4.35	0.136	0.1966	0.0132	0.0121	0.231
2002	189	1500	33	1.9271	1.5306	1.2485	0.60225		2	8.2	4.75	31.17	8.5	4.37	0.135	0.1983	0.0132	0.0121	0.2348
2002	189	1600	33	1.9278	1.5317	1.2497	0.60732		2	8.17	4.75	30.95	8.47	4.38	0.134	0.1996	0.0132	0.0122	0.2377
2002	189	1700	33	1.9281	1.5321	1.2508	0.61368		2	8.19	4.72	30.67	8.48	4.36	0.135	0.1987	0.0131	0.0121	0.2362
2002	189	1800	33	1.9288	1.5337	1.253	0.62602		2	8.15	4.7	30.13	8.43	4.38	0.133	0.2007	0.0131	0.0122	0.2408
2002	189	1900	33	1.9313	1.5376	1.2585	0.64443		2	8.11	4.64	29.35	8.37	4.37	0.132	0.2018	0.0129	0.0122	0.2448
2002	189	2000	33	1.9335	1.5412	1.2637	0.66377		2	8.06	4.59	28.55	8.31	4.37	0.13	0.2029	0.0128	0.0121	0.2489
2002	193	800	33	1.6162	0.98792	0.52095	0.95708		2	24.86	12.83	18.71	25.06	14.09	0.371	0.2172	0.0357	0.0392	0.0938
2002	193	900	33	1.6172	0.9896	0.52211	0.94268		2	24.76	12.91	19.12	24.98	14.09	0.37	0.2179	0.0359	0.0392	0.0942
2002	193	1000	33	1.6177	0.99154	0.52306	0.84923		2	24.7	13.13	21.93	25.09	13.73	0.371	0.2114	0.0365	0.0382	0.0912
2002	193	1100	33	1.6181	0.99247	0.52351	0.82243		2	24.66	13.21	22.79	25.09	13.64	0.371	0.21	0.0367	0.0379	0.0906
2002	193	1200	33	1.6183	0.99356	0.52303	0.7899		2	24.57	13.44	23.88	25.06	13.66	0.371	0.2105	0.0374	0.038	0.0909
2002	193	1300	33	1.6202	0.99715	0.52602	0.74324		2	24.37	13.59	25.51	24.95	13.49	0.37	0.2089	0.0378	0.0375	0.0903
2002	193	1400	33	1.6217	1.0002	0.53032	0.74787		2	24.16	13.5	25.35	24.72	13.44	0.368	0.2099	0.0375	0.0374	0.0912
2002	193	1500	33	1.6234	1.0029	0.53422	0.75052		2	24.01	13.4	25.25	24.56	13.35	0.367	0.2099	0.0372	0.0371	0.0914
2002	193	1600	33	1.6252	1.0054	0.5375	0.77498		2	23.84	13.3	24.39	24.34	13.42	0.366	0.213	0.037	0.0373	0.0931
2002	193	1700	33	1.6268	1.0078	0.54136	0.81472		2	23.66	13.14	23.05	24.08	13.51	0.364	0.2167	0.0365	0.0376	0.0952
2002	193	1800	33	1.6282	1.0104	0.54556	0.82536		2	23.5	13	22.7	23.9	13.44	0.363	0.2172	0.0361	0.0374	0.0958
2002	193	1900	33	1.6303	1.0136	0.5498	0.84313		2	23.3	12.9	22.12	23.67	13.45	0.361	0.2195	0.0359	0.0374	0.0972
2002	193	2000	33	1.6319	1.0159	0.55468	0.79658		2	23.32	12.69	23.65	23.77	12.93	0.362	0.2101	0.0353	0.036	0.0929
2002	193	2100	33	1.6332	1.0183	0.55821	0.80958		2	23.16	12.6	23.22	23.59	12.92	0.361	0.2116	0.035	0.0359	0.0939
2002	193	2200	33	1.635	1.0206	0.5617	0.82285		2	23.06	12.47	22.78	23.46	12.88	0.36	0.212	0.0347	0.0358	0.0943
2002	193	2300	33	1.6363	1.0228	0.56482	0.83364		2	22.93	12.39	22.43	23.31	12.87	0.359	0.2132	0.0345	0.0358	0.0951
2002	193	2400	33	1.6374	1.0242	0.56759	0.84553		2	22.88	12.25	22.05	23.24	12.79	0.358	0.2126	0.0341	0.0356	0.095
2002	194	100	33	1.639	1.0261	0.5707	0.85908		2	22.81	12.12	21.62	23.15	12.74	0.357	0.2126	0.0337	0.0354	0.0951
2002	194	200	33	1.6398	1.0278	0.57344	0.87055		2	22.7	12.05	21.26	23.01	12.72	0.356	0.2135	0.0335	0.0354	0.0959
2002	194	300	33	1.6408	1.0293	0.57617	0.88076		2	22.63	11.93	20.95	22.93	12.66	0.356	0.2133	0.0332	0.0352	0.0959
2002	194	400	33	1.6415	1.0297	0.57722	0.94818		2	22.56	11.82	18.96	22.76	12.93	0.354	0.2194	0.0329	0.0359	0.099
2002	194	500	33	1.6423	1.0312	0.57967	0.96812		2	22.46	11.74	18.4	22.63	12.95	0.353	0.2211	0.0326	0.036	0.1001
2002	194	600	33	1.6429	1.0321	0.58163	0.97374		2	22.43	11.64	18.24	22.59	12.88	0.353	0.2202	0.0324	0.0358	0.0998
2002	194	700	33	1.6425	1.0319	0.58081	0.96076		2	22.42	11.72	18.61	22.6	12.89	0.353	0.2203	0.0326	0.0358	0.0998
2002	194	800	33	1.6425	1.0317	0.57932	0.93382		2	22.45	11.84	19.37	22.66	12.87	0.354	0.2194	0.0329	0.0358	0.0993
2002	194	900	33	1.6423	1.0314	0.57778	0.90149		2	22.48	11.98	20.32	22.74	12.83	0.354	0.2179	0.0333	0.0357	0.0984
2002	194	1000	33	1.6425	1.0329	0.57816	0.81338		2	22.43	12.18	23.09	22.84	12.52	0.355	0.2118	0.0339	0.0348	0.0954
2002	194	1100	33	1.6405	1.0307	0.57534	0.78447		2	22.54	12.27	24.06	23	12.44	0.356	0.2089	0.0341	0.0346	0.0938
2002	194	1200	33	1.6428	1.0352	0.57964	0.77465		2	22.24	12.36	24.4	22.71	12.47	0.354	0.212	0.0344	0.0347	0.0958											
2002	194	1400	33	1.5727	0.83684	0.39117	0.62888		2	40.83	4.06	30.01	42.23	3.79	0.407	0.0347	0.0113	0.0105	0.0136
2002	194	1500	33	1.631	0.96028	0.51592	0.75566		2	29.71	8.57	25.07	30.39	8.56	0.394	0.1088	0.0238	0.0238	0.0442
2002	194	1600	33	1.6367	0.95517	0.52726	0.76748		2	30.47	6.54	24.65	31.13	6.58	0.396	0.0816	0.0182	0.0183	0.033
2002	194	1700	33	1.6503	1.047	0.59499	0.8172		2	21.59	12.08	22.96	21.98	12.44	0.348	0.2186	0.0336	0.0346	0.1005
2002	194	1800	33	1.6515	1.0497	0.59916	0.82611		2	21.43	11.98	22.67	21.8	12.39	0.346	0.2196	0.0333	0.0344	0.1014
2002	194	1900	33	1.652	1.0144	0.57267	0.82377		2	25.36	9.76	22.75	25.8	10.08	0.375	0.151	0.0271	0.028	0.0644
2002	194	2000	33	1.5933	0.88141	0.45058	0.66364		2	36.04	4.8	28.56	37.15	4.57	0.405	0.0475	0.0134	0.0127	0.0188
2002	196	800	33	1.6301	0.88456	0.46205	0.71167		2	37.34	2.04	26.68	38.33	1.99	0.406	0.02	0.0057	0.0055	0.0079
2002	196	900	33	1.6877	1.109	0.6805	0.88936		2	18.83	10.49	20.69	19.07	11.17	0.319	0.2264	0.0292	0.0311	0.1135
2002	196	1000	33	1.6867	1.1076	0.67877	0.79544		2	18.99	10.56	23.69	19.36	10.76	0.322	0.2146	0.0294	0.0299	0.1065
2002	196	1100	33	1.6861	1.1074	0.67725	0.76495		2	18.96	10.7	24.74	19.37	10.74	0.323	0.2141	0.0297	0.0299	0.1062
2002	196	1200	33	1.6849	1.1062	0.67323	0.79185		2	18.86	10.93	23.81	19.23	11.11	0.321	0.2233	0.0304	0.0309	0.1113
2002	196	1300	33	1.6862	1.108	0.67496	0.75344		2	18.82	10.96	25.15	19.25	10.93	0.321	0.2194	0.0305	0.0304	0.1093
2002	196	1400	33	1.6882	1.1111	0.67897	0.76313		2	18.69	10.89	24.8	19.1	10.92	0.32	0.2209	0.0303	0.0304	0.1106
2002	196	1500	33	1.6885	1.1133	0.68242	0.76224		2	18.55	10.85	24.84	18.96	10.87	0.318	0.2216	0.0302	0.0302	0.1115
2002	196	1600	33	1.6903	1.1161	0.68554	0.76677		2	18.41	10.83	24.68	18.82	10.89	0.316	0.2235	0.0301	0.0303	0.1131
2002	196	1700	33	1.6918	1.1191	0.68991	0.77418		2	18.28	10.75	24.42	18.66	10.84	0.315	0.2244	0.0299	0.0301	0.1142
2002	196	1800	33	1.6941	1.122	0.6942	0.78353		2	18.21	10.63	24.1	18.58	10.77	0.314	0.2239	0.0296	0.0299	0.1143
2002	196	1900	33	1.6959	1.1253	0.69919	0.79758		2	18.07	10.52	23.62	18.42	10.73	0.312	0.2251	0.0293	0.0298	0.1155
2002	196	2000	33	1.698	1.1284	0.70417	0.81701		2	17.98	10.38	22.97	18.3	10.68	0.31	0.2255	0.0288	0.0297	0.1163
2002	196	2100	33	1.6995	1.1311	0.70842	0.77441		2	17.94	10.3	24.41	18.32	10.39	0.31	0.219	0.0286	0.0289	0.1129
2002	196	2200	33	1.7013	1.1341	0.71229	0.78599		2	17.81	10.25	24.01	18.17	10.39	0.309	0.221	0.0285	0.0289	0.1146
2002	196	2300	33	1.7028	1.1363	0.71569	0.79584		2	17.74	10.16	23.68	18.09	10.35	0.308	0.2211	0.0282	0.0288	0.115
2002	196	2400	33	1.7044	1.1384	0.71849	0.83854		2	17.64	10.08	22.27	17.93	10.49	0.306	0.226	0.028	0.0292	0.1183
2002	197	100	33	1.706	1.1409	0.72297	0.8872		2	17.55	9.93	20.75	17.77	10.56	0.304	0.2296	0.0276	0.0294	0.121
2002	197	200	33	1.7077	1.1435	0.72679	0.90344		2	17.46	9.84	20.27	17.67	10.55	0.302	0.2307	0.0274	0.0293	0.1221
2002	197	300	33	1.709	1.1457	0.73025	0.9166		2	17.39	9.76	19.88	17.57	10.52	0.301	0.2313	0.0271	0.0293	0.1229
2002	197	400	33	1.71	1.147	0.73327	0.92808		2	17.39	9.63	19.54	17.56	10.44	0.301	0.2295	0.0268	0.029	0.122
2002	197	500	33	1.7111	1.1488	0.7354	0.93654		2	17.31	9.61	19.3	17.47	10.46	0.3	0.2312	0.0267	0.0291	0.1234
2002	197	600	33	1.7115	1.1497	0.73736	0.93881		2	17.29	9.54	19.23	17.45	10.4	0.3	0.2301	0.0265	0.0289	0.1229
2002	197	700	33	1.711	1.1488	0.7355	0.92423		2	17.32	9.61	19.65	17.5	10.4	0.3	0.2297	0.0267	0.0289	0.1224
2002	197	800	33	1.7099	1.1471	0.73198	0.89279		2	17.36	9.75	20.58	17.57	10.4	0.301	0.2286	0.0271	0.0289	0.1215
2002	197	900	33	1.7086	1.1451	0.72763	0.86219		2	17.4	9.93	21.52	17.65	10.44	0.302	0.2286	0.0276	0.029	0.1211
2002	197	1000	33	1.707	1.1443	0.72586	0.76802		2	17.42	10.08	24.63	17.8	10.13	0.304	0.22	0.028	0.0282	0.1158
2002	197	1100	33	1.7062	1.1433	0.72295	0.73632		2	17.42	10.24	25.76	17.84	10.13	0.305	0.2194	0.0285	0.0282	0.1152
2002	197	1200	33	1.7054	1.1418	0.71955	0.76498		2	17.4	10.36	24.74	17.78	10.4	0.304	0.226	0.0288	0.0289	0.119
2002	197	1300	33	1.705	1.1428	0.71981	0.73316		2	17.29	10.48	25.88	17.71	10.35	0.303	0.2258	0.0291	0.0288	0.1193
2002	197	1400	33	1.7077	1.146	0.72392	0.73728		2	17.22	10.4	25.73	17.63	10.29	0.302	0.2255	0.0289	0.0286	0.1195
2002	197	1500	33	1.7091	1.1486	0.72812	0.7408		2	17.13	10.3	25.6	17.54	10.21	0.301	0.2248	0.0286	0.0284	0.1196
2002	197	1600	33	1.7101	1.152	0.73222	0.74593		2	16.91	10.3	25.42	17.31	10.24	0.298	0.2285	0.0286	0.0285	0.1228
2002	197	1700	33	1.7123	1.1546	0.73626	0.75065		2	16.88	10.18	25.25	17.27	10.15	0.297	0.2269	0.0283	0.0282	0.1222
2002	197	1800	33	1.7142	1.1581	0.74058	0.75792		2	16.72	10.15	24.99	17.1	10.15	0.295	0.2292	0.0282	0.0282	0.1244
2002	197	1900	33	1.7161	1.1614	0.74546	0.76989		2	16.61	10.04	24.57	16.97	10.11	0.293	0.2301	0.0279	0.0281	0.1256
2002	197	2000	33	1.7185	1.1645	0.75046	0.78627		2	16.56	9.9	24	16.89	10.04	0.292	0.2296	0.0275	0.0279	0.1257
2002	197	2100	33	1.7204	1.1676	0.75539	0.80295		2	16.47	9.77	23.44	16.78	9.99	0.291	0.2301	0.0272	0.0278	0.1267
2002	197	2200	33	1.7222	1.1706	0.75926	0.81587		2	16.35	9.72	23.01	16.64	10	0.289	0.2322	0.027	0.0278	0.1287
2002	197	2300	33	1.7235	1.1727	0.76274	0.82841		2	16.29	9.63	22.6	16.57	9.97	0.288	0.2324	0.0268	0.0277	0.1292
2002	197	2400	33	1.7251	1.175	0.76616	0.84121		2	16.23	9.55	22.19	16.49	9.95	0.287	0.2329	0.0265	0.0276	0.13
2002	198	100	33	1.7266	1.1771	0.76964	0.85306		2	16.2	9.45	21.81	16.44	9.9	0.286	0.2325	0.0263	0.0275	0.1301
2002	198	200	33	1.7279	1.1793	0.77279	0.86394		2	16.12	9.39	21.47	16.35	9.89	0.285	0.2336	0.0261	0.0275	0.1313
2002	198	300	33	1.7294	1.1814	0.7762	0.87541		2	16.08	9.3	21.11	16.3	9.84	0.284	0.2333	0.0259	0.0274	0.1315
2002	198	400	33	1.7305	1.1835	0.77894	0.88452		2	15.99	9.27	20.84	16.2	9.85	0.282	0.2349	0.0258	0.0274	0.1331
2002	198	500	33	1.7317	1.1849	0.78129	0.89264		2	15.98	9.2	20.59	16.18	9.81	0.282	0.2342	0.0256	0.0273	0.1328
2002	198	600	33	1.7322	1.1862	0.78331	0.89593		2	15.93	9.16	20.49	16.12	9.79	0.281	0.2346	0.0255	0.0272	0.1334
2002	198	700	33	1.7318	1.1857	0.78216	0.88271		2	15.93	9.21	20.89	16.14	9.79	0.282	0.2342	0.0256	0.0272	0.1331
2002	198	800	33	1.7306	1.1836	0.77803	0.85339		2	15.98	9.35	21.8	16.22	9.8	0.283	0.2333	0.026	0.0272	0.132
2002	198	900	33	1.7291	1.1815	0.7747	0.82516		2	16.04	9.45	22.7	16.31	9.76	0.284	0.2312	0.0263	0.0271	0.1302
2002	198	1000	33	1.7271	1.1794	0.77111	0.73131		2	16.12	9.61	25.95	16.52	9.48	0.287	0.2217	0.0267	0.0264	0.1236
2002	198	1100	33	1.7264	1.179	0.76845	0.70164		2	16.05	9.8	27.06	16.49	9.52	0.287	0.2231	0.0272	0.0265	0.1246
2002	198	1200	33	1.7259	1.1781	0.76666	0.73152		2	16.03	9.84	25.94	16.42	9.71	0.286	0.2284	0.0274	0.027	0.128
2002	198	1300	33	1.7267	1.1793	0.768	0.72187		2	15.99	9.84	26.3	16.4	9.66	0.285	0.2276	0.0274	0.0269	0.1276
2002	198	1400	33	1.7276	1.1815	0.77007	0.71831		2	15.86	9.88	26.43	16.27	9.68	0.283	0.2299	0.0275	0.0269	0.1298
2002	198	1500	33	1.7283	1.183	0.7722	0.71403		2	15.81	9.85	26.59	16.22	9.63	0.283	0.2294	0.0274	0.0268	0.1298
2002	198	1600	33	1.7285	1.1845	0.7742	0.71305		2	15.71	9.85	26.63	16.12	9.63	0.281	0.2307	0.0274	0.0268	0.1312
2002	198	1700	33	1.73	1.1869	0.77767	0.71915		2	15.64	9.78	26.4	16.04	9.59	0.28	0.2309	0.0272	0.0267	0.1319
2002	198	1800	33	1.7314	1.1893	0.78093	0.72675		2	15.55	9.73	26.12	15.94	9.58	0.279	0.2321	0.0271	0.0266	0.1332
2002	198	1900	33	1.7329	1.1913	0.78381	0.73289		2	15.51	9.67	25.89	15.89	9.55	0.278	0.232	0.0269	0.0265	0.1335
2002	198	2000	33	1.7348	1.1943	0.78809	0.74859		2	15.42	9.58	25.32	15.78	9.54	0.276	0.2335	0.0266	0.0265	0.1352
2002	198	2100	33	1.737	1.1973	0.79303	0.76653		2	15.37	9.44	24.68	15.71	9.48	0.275	0.2332	0.0262	0.0264	0.1355
2002	198	2200	33	1.7383	1.2	0.79719	0.78045		2	15.28	9.36	24.2	15.59	9.47	0.274	0.2345	0.026	0.0263	0.1372
2002	198	2300	33	1.74	1.2022	0.80032	0.79062		2	15.23	9.29	23.85	15.54	9.44	0.273	0.2348	0.0258	0.0263	0.1378
2002	198	2400	33	1.7411	1.204	0.80308	0.79972		2	15.19	9.23	23.55	15.48	9.43	0.272	0.2352	0.0257	0.0262	0.1385
2002	199	100	33	1.7424	1.2062	0.80622	0.81091		2	15.12	9.17	23.17	15.39	9.42	0.271	0.2364	0.0255	0.0262	0.1398
2002	199	200	33	1.7436	1.208	0.80938	0.82076		2	15.09	9.08	22.85	15.36	9.37	0.27	0.2357	0.0253	0.0261	0.1397
2002	199	300	33	1.7449	1.2097	0.81173	0.82915		2	15.06	9.04	22.57	15.31	9.36	0.269	0.2362	0.0251	0.026	0.1404
2002	199	400	33	1.7459	1.2116	0.81446	0.83665		2	14.99	8.99	22.33	15.24	9.35	0.268	0.237	0.025	0.026	0.1415
2002	199	500	33	1.7467	1.2129	0.81689	0.84469		2	14.97	8.92	22.08	15.21	9.31	0.268	0.2365	0.0248	0.0259	0.1413
2002	199	600	33	1.7474	1.2139	0.81823	0.84671		2	14.95	8.9	22.01	15.18	9.3	0.267	0.2365	0.0247	0.0258	0.1416
2002	199	700	33	1.7473	1.2137	0.81709	0.83651		2	14.93	8.97	22.34	15.18	9.32	0.267	0.2372	0.0249	0.0259	0.1421
2002	199	800	33	1.7454	1.2115	0.81345	0.80441		2	14.96	9.08	23.39	15.24	9.3	0.268	0.2356	0.0252	0.0258	0.1406
2002	199	900	33	1.7451	1.2108	0.81231	0.7945		2	14.99	9.11	23.72	15.28	9.28	0.269	0.2345	0.0253	0.0258	0.1396
2002	199	1000	33	1.7436	1.2094	0.80997	0.71628		2	15.03	9.22	26.51	15.43	9.03	0.271	0.226	0.0256	0.0251	0.1335
2002	199	1100	33	1.744	1.2095	0.80876	0.74354		2	14.98	9.29	25.5	15.33	9.22	0.27	0.2323	0.0258	0.0256	0.1379
2002	199	1200	33	1.7444	1.2106	0.8105	0.75564		2	14.93	9.25	25.07	15.26	9.24	0.269	0.2339	0.0257	0.0257	0.1394
2002	199	1300	33	1.7434	1.2098	0.80862	0.67825		2	14.95	9.38	27.97	15.4	9	0.271	0.2257	0.0261	0.025	0.1335
2002	199	1400	33	1.7429	1.2094	0.80648	0.69456		2	14.87	9.5	27.33	15.28	9.19	0.269	0.2323	0.0264	0.0255	0.1382
2002	199	1500	33	1.7448	1.2117	0.81023	0.71663		2	14.84	9.38	26.49	15.23	9.18	0.268	0.233	0.0261	0.0255	0.1391
2002	199	1600	33	1.7451	1.2123	0.81056	0.70928		2	14.81	9.41	26.77	15.2	9.18	0.268	0.2332	0.0262	0.0255	0.1394
2002	199	1700	33	1.7449	1.213	0.81177	0.70946		2	14.75	9.4	26.76	15.15	9.17	0.267	0.2338	0.0261	0.0255	0.1402
2002	199	1800	33	1.7466	1.2155	0.81552	0.72319		2	14.7	9.31	26.25	15.07	9.15	0.266	0.2345	0.0259	0.0254	0.1413
2002	199	1900	33	1.7482	1.2182	0.81941	0.73777		2	14.61	9.24	25.71	14.97	9.15	0.264	0.236	0.0257	0.0254	0.1431
2002	199	2000	33	1.7498	1.2207	0.82303	0.75072		2	14.55	9.17	25.24	14.88	9.14	0.263	0.2371	0.0255	0.0254	0.1445
2002	199	2100	33	1.7511	1.2229	0.82617	0.76157		2	14.48	9.11	24.86	14.8	9.13	0.261	0.2383	0.0253	0.0254	0.1459
2002	199	2200	33	1.7523	1.2243	0.82865	0.76967		2	14.48	9.03	24.57	14.79	9.09	0.261	0.2373	0.0251	0.0253	0.1454
2002	199	2300	33	1.7536	1.2265	0.8318	0.7809		2	14.42	8.98	24.19	14.71	9.08	0.26	0.2384	0.025	0.0252	0.1468
2002	199	2400	33	1.755	1.2281	0.83497	0.79242		2	14.43	8.86	23.79	14.72	9.02	0.26	0.2367	0.0246	0.0251	0.1457
2002	200	100	33	1.7558	1.2303	0.83771	0.80255		2	14.32	8.85	23.45	14.59	9.05	0.258	0.2396	0.0246	0.0252	0.1487
2002	200	200	33	1.757	1.2316	0.84012	0.80891		2	14.33	8.77	23.24	14.6	9	0.258	0.2381	0.0244	0.025	0.1477
2002	200	300	33	1.7573	1.2324	0.8414	0.81099		2	14.3	8.75	23.17	14.56	8.98	0.257	0.2382	0.0243	0.025	0.1481
2002	200	400	33	1.758	1.2338	0.84288	0.81501		2	14.24	8.75	23.04	14.49	9.01	0.256	0.24	0.0243	0.025	0.1499
2002	200	500	33	1.7588	1.2352	0.84488	0.82177		2	14.19	8.72	22.81	14.44	9	0.255	0.2407	0.0242	0.025	0.1508
2002	200	600	33	1.7593	1.2358	0.84589	0.8221		2	14.2	8.69	22.8	14.44	8.97	0.255	0.24	0.0242	0.0249	0.1503
2002	200	700	33	1.7592	1.2356	0.84574	0.81561		2	14.21	8.69	23.02	14.47	8.94	0.256	0.2388	0.0242	0.0249	0.1493
2002	200	800	33	1.7585	1.2348	0.84393	0.80676		2	14.2	8.76	23.31	14.46	8.98	0.256	0.2398	0.0244	0.025	0.15
2002	200	900	33	1.7584	1.2348	0.84387	0.80201		2	14.19	8.77	23.47	14.46	8.97	0.256	0.2395	0.0244	0.0249	0.1498
2002	200	1000	33	1.7578	1.234	0.84211	0.78218		2	14.19	8.84	24.14	14.49	8.95	0.256	0.2387	0.0246	0.0249	0.1491
2002	200	1100	33	1.7566	1.2315	0.83781	0.7498		2	14.27	8.95	25.28	14.6	8.92	0.258	0.2358	0.0249	0.0248	0.1462
2002	200	1200	33	1.7566	1.2322	0.83841	0.74807		2	14.21	8.97	25.34	14.54	8.93	0.257	0.2372	0.0249	0.0248	0.1476
2002	200	1300	33	1.757	1.2325	0.8392	0.74956		2	14.23	8.94	25.29	14.56	8.9	0.257	0.2361	0.0248	0.0247	0.1467
2002	200	1400	33	1.7549	1.2303	0.83523	0.68817		2	14.25	9.09	27.58	14.66	8.77	0.259	0.2311	0.0253	0.0244	0.1428
2002	200	1500	33	1.7561	1.2319	0.83676	0.72176		2	14.17	9.08	26.3	14.53	8.92	0.257	0.2371	0.0253	0.0248	0.1476
2002	200	1600	33	1.7564	1.2326	0.83832	0.72362		2	14.17	9.03	26.23	14.53	8.88	0.257	0.2361	0.0251	0.0247	0.1471
2002	200	1700	33	1.757	1.234	0.8402	0.72648		2	14.11	9.02	26.13	14.46	8.87	0.256	0.237	0.0251	0.0247	0.1482
2002	200	1800	33	1.7576	1.2349	0.84174	0.72967		2	14.1	8.98	26.01	14.45	8.85	0.256	0.2365	0.025	0.0246	0.1481
2002	200	1900	33	1.7592	1.2371	0.84456	0.73822		2	14.04	8.93	25.7	14.38	8.85	0.254	0.2376	0.0248	0.0246	0.1494
2002	200	2000	33	1.7605	1.2395	0.84813	0.75013		2	13.97	8.87	25.27	14.3	8.84	0.253	0.2387	0.0247	0.0246	0.151
2002	200	2100	33	1.762	1.2417	0.85168	0.7623		2	13.94	8.78	24.83	14.25	8.8	0.252	0.2387	0.0244	0.0245	0.1514
2002	200	2200	33	1.7628	1.2426	0.85351	0.76805		2	13.95	8.72	24.63	14.25	8.76	0.252	0.2374	0.0242	0.0244	0.1506
2002	200	2300	33	1.7633	1.2439	0.85485	0.77146		2	13.88	8.73	24.51	14.18	8.79	0.251	0.2395	0.0243	0.0244	0.1526
2002	200	2400	33	1.7641	1.2447	0.85658	0.77521		2	13.9	8.66	24.38	14.2	8.74	0.251	0.2378	0.0241	0.0243	0.1513
2002	201	100	33	1.7644	1.2461	0.858	0.77996		2	13.81	8.68	24.22	14.09	8.78	0.25	0.2406	0.0241	0.0244	0.1542
2002	201	200	33	1.7651	1.2468	0.85901	0.78332		2	13.81	8.66	24.1	14.09	8.77	0.25	0.2404	0.0241	0.0244	0.1541
2002	201	300	33	1.7657	1.2475	0.86	0.786		2	13.8	8.63	24.01	14.08	8.76	0.249	0.2403	0.024	0.0243	0.1541
2002	201	400	33	1.7661	1.2482	0.86143	0.78941		2	13.8	8.59	23.89	14.07	8.73	0.249	0.2396	0.0239	0.0243	0.1538
2002	201	500	33	1.7667	1.249	0.86283	0.79376		2	13.79	8.55	23.75	14.06	8.71	0.249	0.2391	0.0238	0.0242	0.1536
2002	201	600	33	1.7671	1.2497	0.86384	0.79684		2	13.77	8.53	23.64	14.04	8.7	0.249	0.2394	0.0237	0.0242	0.154
2002	201	700	33	1.7669	1.2495	0.86336	0.79269		2	13.77	8.56	23.78	14.04	8.71	0.249	0.2395	0.0238	0.0242	0.1541
2002	201	800	33	1.766	1.2481	0.86073	0.77369		2	13.79	8.64	24.43	14.08	8.71	0.249	0.2389	0.024	0.0242	0.1532
2002	201	900	33	1.7648	1.2466	0.85815	0.75777		2	13.8	8.71	24.99	14.11	8.71	0.25	0.2386	0.0242	0.0242	0.1528
2002	201	1000	33	1.7638	1.2456	0.85563	0.73927		2	13.76	8.83	25.66	14.09	8.74	0.25	0.2396	0.0245	0.0243	0.1536
2002	201	1100	33	1.7622	1.243	0.85193	0.65669		2	13.89	8.92	28.84	14.33	8.46	0.254	0.228	0.0248	0.0235	0.1438
2002	201	1200	33	1.7616	1.2419	0.84955	0.63683		2	13.91	9.01	29.67	14.38	8.45	0.254	0.227	0.025	0.0235	0.1428
2002	201	1300	33	1.7612	1.242	0.84853	0.66928		2	13.8	9.08	28.33	14.21	8.67	0.252	0.2356	0.0252	0.0241	0.1498
2002	201	1400	33	1.7612	1.2427	0.84986	0.66589		2	13.77	9.06	28.47	14.19	8.63	0.251	0.235	0.0252	0.024	0.1497
2002	201	1500	33	1.7618	1.2437	0.851	0.66504		2	13.73	9.05	28.5	14.15	8.63	0.251	0.2354	0.0252	0.024	0.1503
2002	201	1600	33	1.7627	1.2457	0.85318	0.66911		2	13.63	9.06	28.34	14.04	8.65	0.249	0.2379	0.0252	0.024	0.153
2002	201	1700	33	1.7636	1.2469	0.85554	0.6714		2	13.64	8.98	28.25	14.05	8.59	0.249	0.2361	0.025	0.0239	0.1517
2002	201	1800	33	1.7648	1.2494	0.85857	0.6783		2	13.53	8.97	27.97	13.93	8.6	0.247	0.2386	0.0249	0.0239	0.1546
2002	201	1900	33	1.767	1.2518	0.86221	0.69063		2	13.53	8.87	27.49	13.91	8.57	0.247	0.2379	0.0247	0.0238	0.1544
2002	201	2000	33	1.7692	1.2549	0.86717	0.70658		2	13.49	8.75	26.87	13.85	8.52	0.246	0.2376	0.0243	0.0237	0.1548
2002	201	2100	33	1.7706	1.2576	0.87107	0.72049		2	13.4	8.69	26.35	13.75	8.52	0.244	0.2395	0.0241	0.0237	0.1572
2002	201	2200	33	1.7719	1.2595	0.87423	0.72965		2	13.38	8.61	26.01	13.72	8.49	0.243	0.239	0.0239	0.0236	0.1572
2002	201	2300	33	1.7727	1.2616	0.87699	0.7384		2	13.29	8.59	25.69	13.61	8.5	0.241	0.2414	0.0239	0.0236	0.16
2002	201	2400	33	1.7739	1.2631	0.87947	0.74657		2	13.28	8.52	25.39	13.59	8.47	0.241	0.2408	0.0237	0.0236	0.1598
2002	202	100	33	1.7752	1.2645	0.88215	0.75293		2	13.3	8.43	25.17	13.61	8.41	0.241	0.2387	0.0234	0.0234	0.1583
2002	202	200	33	1.7758	1.266	0.88423	0.75901		2	13.24	8.41	24.95	13.54	8.41	0.24	0.24	0.0234	0.0234	0.1599
2002	202	300	33	1.777	1.268	0.88632	0.76511		2	13.16	8.41	24.73	13.45	8.44	0.239	0.2424	0.0234	0.0235	0.1626
2002	202	400	33	1.7778	1.2694	0.88873	0.77186		2	13.14	8.35	24.5	13.42	8.41	0.238	0.2421	0.0232	0.0234	0.1627
2002	202	500	33	1.779	1.2709	0.89115	0.77862		2	13.14	8.29	24.26	13.41	8.38	0.238	0.2414	0.0231	0.0233	0.1624
2002	202	600	33	1.7796	1.2723	0.89317	0.78398		2	13.09	8.27	24.08	13.35	8.38	0.237	0.2423	0.023	0.0233	0.1637
2002	202	700	33	1.7795	1.2725	0.89376	0.77991		2	13.08	8.25	24.22	13.35	8.34	0.237	0.2414	0.0229	0.0232	0.163
2002	202	800	33	1.7786	1.271	0.8907	0.76285		2	13.09	8.35	24.81	13.38	8.37	0.237	0.2416	0.0232	0.0233	0.1629
2002	202	900	33	1.7771	1.2691	0.88811	0.7466		2	13.13	8.4	25.39	13.43	8.35	0.238	0.2401	0.0233	0.0232	0.1612
2002	202	1000	33	1.7766	1.2673	0.88477	0.72632		2	13.19	8.48	26.13	13.52	8.34	0.24	0.2383	0.0236	0.0232	0.159
2002	202	1100	33	1.7746	1.2655	0.88153	0.64856		2	13.2	8.62	29.18	13.63	8.13	0.242	0.2306	0.024	0.0226	0.1526
2002	202	1200	33	1.7741	1.2645	0.87921	0.68419		2	13.16	8.68	27.74	13.54	8.35	0.24	0.2382	0.0241	0.0232	0.1587
2002	202	1300	33	1.7736	1.2639	0.87809	0.66917		2	13.17	8.72	28.34	13.57	8.32	0.241	0.237	0.0242	0.0231	0.1576
2002	202	1400	33	1.774	1.2647	0.87916	0.66722		2	13.14	8.71	28.41	13.54	8.31	0.24	0.2369	0.0242	0.0231	0.1578
2002	202	1500	33	1.7745	1.2658	0.88038	0.66745		2	13.09	8.71	28.4	13.49	8.31	0.239	0.2379	0.0242	0.0231	0.159
2002	202	1600	33	1.7757	1.2671	0.88257	0.67044		2	13.1	8.65	28.28	13.5	8.26	0.239	0.2364	0.024	0.023	0.1579
2002	202	1700	33	1.7763	1.2689	0.88461	0.67406		2	13.01	8.65	28.14	13.39	8.28	0.238	0.2389	0.0241	0.023	0.1609
2002	202	1800	33	1.7781	1.2715	0.88867	0.68505		2	12.97	8.56	27.7	13.35	8.25	0.237	0.2386	0.0238	0.0229	0.1613
2002	202	1900	33	1.7804	1.2747	0.89372	0.70005		2	12.94	8.45	27.12	13.29	8.2	0.236	0.2382	0.0235	0.0228	0.1617
2002	202	2000	33	1.7824	1.2785	0.8987	0.71702		2	12.81	8.39	26.48	13.14	8.22	0.233	0.2417	0.0233	0.0229	0.166
2002	202	2100	33	1.7841	1.2808	0.90295	0.72958		2	12.81	8.27	26.01	13.13	8.15	0.233	0.2399	0.023	0.0227	0.1649
2002	202	2200	33	1.7853	1.2837	0.90644	0.74074		2	12.68	8.26	25.6	12.98	8.19	0.23	0.2437	0.023	0.0228	0.1694
2002	202	2300	33	1.7871	1.286	0.9106	0.7546		2	12.68	8.14	25.11	12.97	8.13	0.23	0.242	0.0226	0.0226	0.1684
2002	202	2400	33	1.7161	0.95194	0.593	0.48451		2	33.87	-2.49	37.08	35.61	-2.12	0.404	-0.023	-0.0069	-0.0059	-0.0091
2002	203	100	33	1.7514	1.1551	0.79269	0.66174		2	20.53	5.11	28.64	21.17	4.86	0.341	0.0887	0.0142	0.0135	0.0417
2002	203	200	33	1.7796	1.2582	0.89183	0.75318		2	14.63	7.19	25.16	14.96	7.17	0.264	0.1852	0.02	0.0199	0.1123
2002	204	1000	33	1.8089	1.3223	0.96284	0.84873		2	11.93	7.36	21.95	12.11	7.69	0.214	0.2454	0.0205	0.0214	0.1836
2002	204	1100	33	1.8068	1.3193	0.95758	0.7498		2	11.99	7.51	25.28	12.26	7.48	0.217	0.2357	0.0209	0.0208	0.174
2002	204	1200	33	1.8064	1.3187	0.95584	0.79297		2	11.93	7.56	23.77	12.17	7.69	0.215	0.2443	0.021	0.0214	0.1819
2002	204	1300	33	1.806	1.3178	0.9542	0.77647		2	11.95	7.6	24.34	12.2	7.67	0.216	0.2428	0.0211	0.0213	0.1802
2002	204	1400	33	1.8057	1.3175	0.9533	0.76986		2	11.94	7.64	24.57	12.19	7.69	0.215	0.2435	0.0212	0.0214	0.1809
2002	204	1500	33	1.8063	1.3181	0.95436	0.77486		2	11.95	7.61	24.39	12.2	7.67	0.215	0.243	0.0211	0.0213	0.1804
2002	204	1600	33	1.806	1.3187	0.95518	0.77659		2	11.89	7.61	24.33	12.14	7.69	0.214	0.2446	0.0212	0.0214	0.1826
2002	204	1700	33	1.8061	1.3192	0.95583	0.77718		2	11.86	7.61	24.31	12.11	7.69	0.214	0.2452	0.0212	0.0214	0.1834
2002	204	1800	33	1.8074	1.3208	0.95875	0.7864		2	11.88	7.53	24	12.12	7.64	0.214	0.2436	0.0209	0.0212	0.1822
2002	204	1900	33	1.8092	1.3241	0.96283	0.80214		2	11.77	7.5	23.46	11.99	7.67	0.211	0.2471	0.0209	0.0213	0.187
2002	204	2000	33	1.8116	1.3274	0.96827	0.82324		2	11.75	7.38	22.77	11.96	7.63	0.211	0.2464	0.0205	0.0212	0.187
2002	204	2100	33	1.8139	1.3311	0.97336	0.84362		2	11.67	7.32	22.11	11.85	7.63	0.209	0.2486	0.0203	0.0212	0.1905
