Day of Year	Location # -->	1	2	3	4	5	6		Depth (cm)-->	0.5	1.5	2.5	3.5	4.5	5.5	0-6 cm mean	
176		2.17	4.20	3.79	3.42	1.04	2.42			1.21	1.65	2.30	2.92	4.00	4.00	2.68	
177		3.89	5.94	5.48	6.49	4.17	4.43			1.79	2.57	3.82	5.66	7.72	8.83	5.07	
178		4.47	5.07	4.17	4.48	4.22	3.41			1.39	1.79	2.93	4.92	7.22	7.57	4.30	
179		5.11	2.65	3.71	4.49	2.10	2.40			3.31	2.49	2.62	3.41	4.54	4.24	3.44	
182		3.86	2.80	4.03	1.88	1.77	3.56			0.90	1.49	2.37	3.37	3.74	3.97	2.64	
186		2.22	3.77	2.65	2.50	1.82	1.83			1.60	1.75	1.90	2.43	3.35	3.75	2.47	
187		18.19	17.20	17.81	16.31	14.63	14.47			19.37	17.87	16.38	15.82	15.29	13.89	16.44	
188		16.22	17.39	19.36	17.64	14.97	15.12			17.86	18.20	16.85	16.81	15.87	15.11	16.78	
189		13.36	14.07	13.25	14.92	13.61	13.54			16.21	14.87	13.28	13.19	12.91	12.30	13.79	
190		12.23	14.40	11.58	13.43	8.75	9.41			10.84	11.25	11.77	12.70	11.91	11.28	11.62	
191		21.33	22.19	21.19						23.74	21.84	21.35	21.35	21.42	19.71	21.57	
192		20.66	20.54	19.14	20.00	18.47	18.09			21.91	21.15	19.13	18.14	18.83	17.75	19.48	
193		15.94	18.85	20.59	18.08	16.28	18.23			20.30	20.10	17.51	17.12	16.87	16.06	17.99	
194		13.28	13.89	12.02						13.65	12.44	13.16	13.26	12.68	12.24	12.90	
195		11.78	15.85	12.80						12.22	14.75	13.13	13.70	13.26	13.79	13.47	
196		10.70	12.22	10.39						8.19	10.34	11.24	11.92	12.32	12.58	11.10	
197		8.37	11.06	7.50						4.00	8.00	10.23	10.63	9.93	11.06	8.98	
198		7.56	8.75	9.11						2.78	5.68	9.55	10.88	11.19	10.75	8.47	
199		7.59	11.64	8.82						5.46	7.90	10.15	10.64	11.00	10.93	9.35	
200		7.09	9.40	8.14						3.67	8.40	8.54	9.28	9.39	9.98	8.21	
Mean		10.30	11.59	10.78						9.52	10.23	10.41	10.91	11.17	10.99	10.54	
																	
																	
																	
																	
																	
																	
																	
																	
																	
																	
																	
																	
																	
																	
																	
																	
																	
																	
																	
																	
																	
																	
																	
																	
																	
																	
			
			
			
			
			
			
			
			
			
			
			
			
			
			
			
			
																	
																	
																	
																	
																	
																	
																	
																	
																	
																	
																	
																	
																	
																	
																	
																	
																	
																	
																	
																	
																	
																	
																	
																	
																	
																	
																	
																	
																	
																	
																	
																	
																	
																	
																	
																	
																	
																	
																	
																	
																	
																	
																	
																	
																	
																	
																	
																	
																	
																	
																	
																	
																	
																	
																	
																	
																	
																	
																	
																	
																	
																	
																	
																	
																	
																	
																	
																	
																	
																	
																	
																	
																	
																	
																	
																	
																	
																	
																	
																	
																	
																	
																	
																	
																	
																	
																	
																	
																	
																	
																	
																	
																	
																	
																	
																	
																	
																	
																	
																	
																	
																	
																	
																	
																	
																	
																	
																	
																	
																	
																	
																	
			
			
			
			
			
			
			
			
			
			
			
			
			
























































			
			
			
			
			
			







			
			
			
			
			
			
			
			
			
			
			
			
			
			
			
			
			
			
			




























































































































														
														
														
														
														
														
														
														
														
														
														
														
														
														
														
														
														
														
														
														
														
														
														
														
														
