Sample ID	Day of Year	Depth	Wet weight	Wet soil weight	Dry weight	Net dry weight of soil	Weight H2O	GSM		Bulk Density		Bulk densities by layer:							
		(cm)	(g)	(g)	(g)	(g)	(g)	(%)		(g/cm3)		Day of Year	0.5 cm	1.5 cm	2.5 cm	3.5 cm	4.5 cm	5.5 cm	
716-2321	197	0.5	39.994	32.69302	37.782	30.97872	1.7143	5.53		1.353		197	1.353	1.089	1.062	1.129	1.231	1.364	
716-2322	197	1.5	34.74	27.43902	31.74	24.93672	2.5023	10.03		1.089		197	1.424	1.319	1.337	1.299	1.231	1.460	
716-2323	197	2.5	34.626	27.32502	31.121	24.31772	3.0073	12.37		1.062		198	1.378	1.295	1.274	1.238	1.175	1.192	
716-2324	197	3.5	36.483	29.18202	32.654	25.85072	3.3313	12.89		1.129		199	1.281	1.148	1.238	1.269	1.162	1.215	
716-2325	197	4.5	39.105	31.80402	34.99	28.18672	3.6173	12.83		1.231		200	1.328	1.205	1.416	1.207	1.274	1.252	
716-2326	197	5.5	42.509	35.20802	38.038	31.23472	3.9733	12.72		1.364		Means	1.353	1.211	1.265	1.228	1.215	1.297	1.261
									Core Mean -->	1.204									
																			
716-2331	197	0.5	40.921	33.620	39.411	32.608	1.012	3.10		1.424									
716-2332	197	1.5	39.64	32.33902	37.012	30.20872	2.1303	7.05		1.319									
716-2333	197	2.5	40.622	33.32102	37.422	30.61872	2.7023	8.83		1.337									
716-2334	197	3.5	40.03	32.72902	36.562	29.75872	2.9703	9.98		1.299									
715-2335	197	4.5	37.251	29.95002	34.994	28.19072	1.7593	6.24		1.231									
716-2336	197	5.5	44.02	36.71902	40.247	33.44372	3.2753	9.79		1.460									
									Core Mean -->	1.345	
											
717-2321	198	0.5	39.712	32.411	38.373	31.570	0.841	2.66		1.378	
717-2322	198	1.5	38.588	31.287	36.453	29.650	1.637	5.52		1.295	
717-2323	198	2.5	39.392	32.091	35.976	29.173	2.918	10.00		1.274	
717-2324	198	3.5	38.853	31.552	35.148	28.345	3.207	11.32		1.238	
717-2325	198	4.5	37.388	30.087	33.715	26.912	3.175	11.80		1.175	
717-2326	198	5.5	37.66	30.359	34.113	27.310	3.049	11.17		1.192	
									Core Mean -->	1.259	

718-2331	199	0.5	37.828	30.52702	36.15	29.34672	1.1803	4.02		1.281	
718-2332	199	1.5	35.465	28.16402	33.084	26.28072	1.8833	7.17		1.148	
718-2333	199	2.5	38.349	31.04802	35.164	28.36072	2.6873	9.48		1.238	
718-2334	199	3.5	39.561	32.26002	35.871	29.06772	3.1923	10.98		1.269	
718-2335	199	4.5	36.856	29.55502	33.411	26.60772	2.9473	11.08		1.162	
718-2336	199	5.5	37.955	30.65402	34.628	27.82472	2.8293	10.17		1.215	
									Core Mean -->	1.219	

719-2331	200	0.5	39.006	31.705	37.218	30.415	1.290	4.24		1.328	
719-2332	200	1.5	37.009	29.708	34.398	27.595	2.113	7.66		1.205	
719-2333	200	2.5	42.09	34.789	39.226	32.423	2.366	7.30		1.416	
719-2334	200	3.5	37.614	30.313	34.442	27.639	2.674	9.68		1.207	
719-2335	200	4.5	39.315	32.014	35.984	29.181	2.833	9.71		1.274	
719-2336	200	5.5	38.925	31.624	35.478	28.675	2.949	10.29		1.252	
									Core Mean -->	1.280	









										
										
