Sample ID	Day of Year	Depth	Site	Location	Wet weight	Wet soil weight	Dry weight	Net dry weight of soil	Dry tare weight	Weight H2O	GSM	Core Mean									
		(cm)			(g)	(g)	(g)	(g)	(g)	(g)	(%)	GSM (%)									
625-2311	176	0.5	23	1	31.041	23.740	30.278	23.475	6.803	0.265	1.13										
625-2312	176	1.5	23	1	33.217	25.916	32.341	25.538	6.803	0.378	1.48										
625-2313	176	2.5	23	1	29.643	22.342	28.818	22.015	6.803	0.327	1.49										
625-2314	176	3.5	23	1	30.985	23.684	29.993	23.190	6.803	0.494	2.13										
625-2315	176	4.5	23	1	31.436	24.135	30.138	23.335	6.803	0.800	3.43										
625-2316	176	5.5	23	1	36.372	29.071	34.921	28.118	6.803	0.953	3.39	2.17									
625-2321	176	0.5	23	2	31.656	24.355	30.765	23.962	6.803	0.393	1.64										
625-2322	176	1.5	23	2	35.106	27.805	33.769	26.966	6.803	0.839	3.11										
625-2323	176	2.5	23	2	28.395	21.094	26.982	20.179	6.803	0.915	4.54										
625-2324	176	3.5	23	2	35.198	27.897	33.340	26.537	6.803	1.360	5.13										
625-2325	176	4.5	23	2	32.868	25.567	30.869	24.066	6.803	1.501	6.24										
625-2326	176	5.5	23	2	32.652	25.351	31.050	24.247	6.803	1.104	4.55	4.20									
625-2331	176	0.5	23	3	27.084	19.783	26.583	19.780	6.803	X	X										
625-2332	176	1.5	23	3	25.475	18.174	24.825	18.022	6.803	X	X										
625-2333	176	2.5	23	3	32.259	24.958	31.292	24.489	6.803	0.469	1.92		
625-2334	176	3.5	23	3	27.137	19.836	26.102	19.299	6.803	0.537	2.78		
625-2335	176	4.5	23	3	32.652	25.351	31.165	24.362	6.803	0.989	4.06		
625-2336	176	5.5	23	3	33.012	25.711	30.971	24.168	6.803	1.543	6.39	3.79	
625-2341	176	0.5	23	4	36.740	29.439	35.989	29.186	6.803	0.253	0.87		
625-2342	176	1.5	23	4	36.027	28.726	35.078	28.275	6.803	0.451	1.60		
625-2343	176	2.5	23	4	37.238	29.937	35.878	29.075	6.803	0.862	2.97		
625-2344	176	3.5	23	4	32.769	25.468	31.293	24.490	6.803	0.978	3.99		
625-2345	176	4.5	23	4	40.950	33.649	38.520	31.717	6.803	1.932	6.09		
625-2346	176	5.5	23	4	39.958	32.657	37.907	31.104	6.803	1.553	4.99	3.42	
625-2351	176	0.5	23	5	39.491	32.190	38.855	32.052	6.803	X	X		
625-2352	176	1.5	23	5	39.071	31.770	38.297	31.494	6.803	0.276	0.88		
625-2353	176	2.5	23	5	35.286	27.985	34.515	27.712	6.803	0.273	0.99		
625-2354	176	3.5	23	5	30.491	23.190	29.707	22.904	6.803	0.286	1.25		
625-2355	176	4.5	23	5	34.518	27.217	33.706	26.903	6.803	0.314	1.17		
625-2356	176	5.5	23	5	36.245	28.944	35.477	28.674	6.803	0.270	0.94	1.04	
625-2361	176	0.5	23	6	35.595	28.294	34.920	28.117	6.803	X	X		
625-2362	176	1.5	23	6	37.213	29.912	36.370	29.567	6.803	0.345	1.17		
625-2363	176	2.5	23	6	38.931	31.630	37.837	31.034	6.803	0.596	1.92		
625-2364	176	3.5	23	6	32.556	25.255	31.501	24.698	6.803	0.557	2.26		
625-2365	176	4.5	23	6	33.775	26.474	32.501	25.698	6.803	0.776	3.02		
625-2366	176	5.5	23	6	41.829	34.528	40.087	33.284	6.803	1.244	3.74	2.42	
Daily average			23		34.024	26.723	32.851	26.048		0.745	2.851		
626-2311	177	0.5	23	1	37.332	30.031	36.496	29.693		0.338	1.14		
626-2312	177	1.5	23	1	37.956	30.655	36.893	30.090		0.565	1.88		
626-2313	177	2.5	23	1	32.850	25.549	31.696	24.893		0.656	2.64		
626-2314	177	3.5	23	1	33.905	26.604	32.526	25.723		0.881	3.43		
626-2315	177	4.5	23	1	39.175	31.874	37.142	30.339		1.535	5.06		
626-2316	177	5.5	23	1	38.220	30.919	35.125	28.322		2.597	9.17	3.89	
626-2321	177	0.5	23	2	39.146	31.845	37.911	31.108		0.737	2.37		
626-2322	177	1.5	23	2	37.928	30.627	36.630	29.827		0.800	2.68		
626-2323	177	2.5	23	2	37.066	29.765	35.398	28.595		1.170	4.09		
626-2324	177	3.5	23	2	40.971	33.670	38.196	31.393		2.277	7.25				
626-2325	177	4.5	23	2	39.213	31.912	35.886	29.083		2.829	9.73				
626-2326	177	5.5	23	2	39.815	32.514	36.488	29.685		2.829	9.53	5.94			
626-2331	177	0.5	23	3	39.619	32.318	38.355	31.552		0.766	2.43				
626-2332	177	1.5	23	3	35.030	27.729	33.916	27.113		0.616	2.27				
626-2333	177	2.5	23	3	38.904	31.603	37.417	30.614		0.989	3.23				
626-2334	177	3.5	23	3	34.744	27.443	32.741	25.938		1.505	5.80				
626-2335	177	4.5	23	3	43.107	35.806	39.704	32.901		2.905	8.83				
626-2336	177	5.5	23	3	53.679	46.378	48.844	42.041		4.337	10.32	5.48			
626-2341	177	0.5	23	4	35.072	27.771	34.016	27.213		0.558	2.05				
626-2342	177	1.5	23	4	38.014	30.713	36.190	29.387		1.326	4.51				
626-2343	177	2.5	23	4	36.926	29.625	34.501	27.698		1.927	6.96				
626-2344	177	3.5	23	4	37.800	30.499	35.087	28.284		2.215	7.83				
626-2345	177	4.5	23	4	39.397	32.096	36.405	29.602		2.494	8.43				
626-2346	177	5.5	23	4	36.621	29.320	33.661	26.858		2.462	9.17	6.49			
626-2351	177	0.5	23	5	35.432	28.131	34.576	27.773		0.358	1.29				
626-2352	177	1.5	23	5	34.728	27.427	33.708	26.905		0.522	1.94		
626-2353	177	2.5	23	5	43.241	35.940	41.761	34.958		0.982	2.81		
626-2354	177	3.5	23	5	32.641	25.340	30.979	24.176		1.164	4.82		
626-2355	177	4.5	23	5	42.438	35.137	39.680	32.877		2.260	6.88		
626-2356	177	5.5	23	5	48.140	40.839	44.862	38.059		2.780	7.31	4.17	
626-2361	177	0.5	23	6	37.230	29.929	36.296	29.493		0.436	1.48		
626-2362	177	1.5	23	6	45.117	37.816	43.834	37.031		0.785	2.12		
626-2363	177	2.5	23	6	32.936	25.635	31.640	24.837		0.798	3.21		
626-2364	177	3.5	23	6	40.628	33.327	38.593	31.790		1.537	4.84		
626-2365	177	4.5	23	6	46.273	38.972	43.089	36.286		2.686	7.40		
626-2366	177	5.5	23	6	44.692	37.391	41.585	34.782		2.609	7.50	4.43	
Daily average			23		39.055	31.754	36.995	30.192		1.562	5.067		
627-2311	178	0.5	23	1	34.209	26.908	33.428	26.625		0.283	1.06		
627-2312	178	1.5	23	1	33.451	26.150	32.385	25.582		0.568	2.22		
627-2313	178	2.5	23	1	35.338	28.037	33.977	27.174		0.863	3.18		
627-2314	178	3.5	23	1	41.724	34.423	39.509	32.706		1.717	5.25		
627-2315	178	4.5	23	1	38.482	31.181	35.822	29.019		2.162	7.45		
627-2316	178	5.5	23	1	39.012	31.711	36.263	29.460		2.251	7.64	4.47	
627-2321	178	0.5	23	2	36.356	29.055	35.226	28.423		0.632	2.22		
627-2322	178	1.5	23	2	33.209	25.908	32.139	25.336		0.572	2.26		
627-2323	178	2.5	23	2	33.123	25.822	31.740	24.937		0.885	3.55		
627-2324	178	3.5	23	2	39.732	32.431	37.220	30.417		2.014	6.62		
627-2325	178	4.5	23	2	35.572	28.271	32.994	26.191		2.080	7.94		
627-2326	178	5.5	23	2	42.252	34.951	39.225	32.422		2.529	7.80	5.07	
627-2331	178	0.5	23	3	38.587	31.286	37.794	30.991		0.295	0.95		
627-2332	178	1.5	23	3	35.528	28.227	34.725	27.922		0.305	1.09		
627-2333	178	2.5	23	3	32.580	25.279	31.330	24.527		0.752	3.07		
627-2334	178	3.5	23	3	36.903	29.602	35.210	28.407		1.195	4.21		
627-2335	178	4.5	23	3	42.264	34.963	39.347	32.544		2.419	7.43		
627-2336	178	5.5	23	3	37.750	30.449	34.921	28.118		2.331	8.29	4.17	
627-2341	178	0.5	23	4	37.768	30.467	36.882	30.079		0.388	1.29		
627-2342	178	1.5	23	4	38.026	30.725	36.882	30.079		0.646	2.15		
627-2343	178	2.5	23	4	29.187	21.886	28.032	21.229		0.657	3.10		
627-2344	178	3.5	23	4	38.548	31.247	36.674	29.871		1.376	4.61		
627-2345	178	4.5	23	4	36.532	29.231	33.991	27.188		2.043	7.52		
627-2346	178	5.5	23	4	44.534	37.233	41.215	34.412		2.821	8.20	4.48	
627-2351	178	0.5	23	5	41.762	34.461	40.854	34.051		0.410	1.20		
627-2352	178	1.5	23	5	31.236	23.935	30.378	23.575		0.360	1.53		
627-2353	178	2.5	23	5	38.117	30.816	36.706	29.903		0.913	3.05		
627-2354	178	3.5	23	5	41.288	33.987	39.101	32.298		1.689	5.23		
627-2355	178	4.5	23	5	41.601	34.300	38.822	32.019		2.281	7.12		
627-2356	178	5.5	23	5	40.612	33.311	37.877	31.074		2.237	7.20	4.22	
627-2361	178	0.5	23	6	38.243	30.942	37.258	30.455		0.487	1.60		
627-2362	178	1.5	23	6	38.195	30.894	37.247	30.444		0.450	1.48		
627-2363	178	2.5	23	6	31.630	24.329	30.736	23.933		0.396	1.66		
627-2364	178	3.5	23	6	38.834	31.533	37.242	30.439		1.094	3.60		
627-2365	178	4.5	23	6	47.338	40.037	44.629	37.826		2.211	5.85		
627-2366	178	5.5	23	6	49.209	41.908	46.224	39.421		2.487	6.31	3.41	
Daily average			23		38.020	30.719	36.222	29.419		1.300	4.304				
628-2311	179	0.5	23	1	41.461	34.160	40.404	33.601		0.559	1.66				
628-2312	179	1.5	23	1	34.714	27.413	33.475	26.672		0.741	2.78				
628-2313	179	2.5	23	1	34.209	26.908	32.846	26.043		0.865	3.32				
628-2314	179	3.5	23	1	37.118	29.817	34.928	28.125		1.692	6.02				
628-2315	179	4.5	23	1	33.293	25.992	30.811	24.008		1.984	8.27				
628-2316	179	5.5	23	1	37.268	29.967	34.388	27.585		2.382	8.64	5.11			
628-2321	179	0.5	23	2	37.788	30.487	36.758	29.955		0.532	1.78				
628-2322	179	1.5	23	2	30.790	23.489	29.943	23.140		0.349	1.51				
628-2323	179	2.5	23	2	33.769	26.468	32.853	26.050		0.418	1.61				
628-2324	179	3.5	23	2	34.064	26.763	32.928	26.125		0.638	2.44				
628-2325	179	4.5	23	2	36.254	28.953	34.545	27.742		1.211	4.37				
628-2326	179	5.5	23	2	33.403	26.102	31.857	25.054		1.048	4.18	2.65			
628-2331	179	0.5	23	3	36.745	29.444	34.409	27.606		1.838	6.66				
628-2332	179	1.5	23	3	37.430	30.129	35.391	28.588		1.541	5.39				
628-2333	179	2.5	23	3	37.788	30.487	36.141	29.338		1.149	3.92				
628-2334	179	3.5	23	3	36.055	28.754	34.863	28.060		0.694	2.47		
628-2335	179	4.5	23	3	37.425	30.124	36.419	29.616		0.508	1.72		
628-2336	179	5.5	23	3	35.930	28.629	34.837	28.034		0.595	2.12	3.71	
628-2341	179	0.5	23	4	36.517	29.216	34.513	27.710		1.506	5.44		
628-2342	179	1.5	23	4	37.092	29.791	35.757	28.954		0.837	2.89		
628-2343	179	2.5	23	4	35.528	28.227	34.106	27.303		0.924	3.39		
628-2344	179	3.5	23	4	39.432	32.131	37.369	30.566		1.565	5.12		
628-2345	179	4.5	23	4	41.092	33.791	38.540	31.737		2.054	6.47		
628-2346	179	5.5	23	4	40.093	32.792	38.449	31.646		1.146	3.62	4.49	
628-2351	179	0.5	23	5	36.871	29.570	36.070	29.267		0.303	1.04		
628-2352	179	1.5	23	5	30.079	22.778	29.313	22.510		0.268	1.19		
628-2353	179	2.5	23	5	33.012	25.711	32.148	25.345		0.366	1.45		
628-2354	179	3.5	23	5	41.280	33.979	40.196	33.393		0.586	1.76		
628-2355	179	4.5	23	5	36.017	28.716	34.578	27.775		0.941	3.39		
628-2356	179	5.5	23	5	45.526	38.225	43.626	36.823		1.402	3.81	2.10	
628-2361	179	0.5	23	6	34.569	27.268	33.965	27.162		X	X		
628-2362	179	1.5	23	6	38.169	30.868	37.318	30.515		0.353	1.16		
628-2363	179	2.5	23	6	35.935	28.634	34.860	28.057		0.577	2.06		
628-2364	179	3.5	23	6	36.405	29.104	35.158	28.355		0.749	2.64		
628-2365	179	4.5	23	6	36.680	29.379	35.314	28.511		0.868	3.05		
628-2366	179	5.5	23	6	41.752	34.451	40.227	33.424		1.027	3.07	2.40	
Daily average			23		36.710	29.409	35.258	28.455		0.978	3.440		
701-2311	182	0.5	23	1	35.959	28.658	35.167	28.364		0.294	1.04		
701-2312	182	1.5	23	1	31.605	24.304	30.942	24.139		X	X		
701-2313	182	2.5	23	1	33.029	25.728	31.400	24.597		1.131	4.60		
701-2314	182	3.5	23	1	31.396	24.095	29.172	22.369		1.726	7.72		
701-2315	182	4.5	23	1	32.556	25.255	31.472	24.669		0.586	2.38		
701-2316	182	5.5	23	1	32.626	25.325	31.252	24.449		0.876	3.58	3.86	
701-2321	182	0.5	23	2	33.056	25.755	32.400	25.597		X	X		
701-2322	182	1.5	23	2	26.754	19.453	33.462	26.659		X	X		
701-2323	182	2.5	23	2	30.569	23.268	29.868	23.065		X	X		
701-2324	182	3.5	23	2	22.818	15.517	22.099	15.296		0.221	1.45		
701-2325	182	4.5	23	2	32.055	24.754	30.792	23.989		0.765	3.19		
701-2326	182	5.5	23	2	44.346	37.045	42.501	35.698		1.347	3.77	2.80	
701-2331	182	0.5	23	3	38.334	31.033	37.529	30.726		0.307	1.00		
701-2332	182	1.5	23	3	32.602	25.301	35.659	28.856		X	X		
701-2333	182	2.5	23	3	37.020	29.719	35.717	28.914		0.805	2.79		
701-2334	182	3.5	23	3	40.613	33.312	38.843	32.040		1.272	3.97		
701-2335	182	4.5	23	3	41.127	33.826	38.504	31.701		2.125	6.70		
701-2336	182	5.5	23	3	42.256	34.955	39.873	33.070		1.885	5.70	4.03	
701-2341	182	0.5	23	4	41.381	34.080	40.657	33.854		0.226	0.67		
701-2342	182	1.5	23	4	37.706	30.405	36.892	30.089		0.316	1.05		
701-2343	182	2.5	23	4	37.806	30.505	36.875	30.072		0.433	1.44		
701-2344	182	3.5	23	4	40.867	33.566	39.611	32.808		0.758	2.31		
701-2345	182	4.5	23	4	36.040	28.739	34.706	27.903		0.836	3.00		
701-2346	182	5.5	23	4	38.544	31.243	37.192	30.389		0.854	2.81	1.88	
701-2351	182	0.5	23	5	38.987	31.686	38.323	31.520		X	X		
701-2352	182	1.5	23	5	39.713	32.412	39.020	32.217		X	X		
701-2353	182	2.5	23	5	38.563	31.262	37.783	30.980		0.282	0.91		
701-2354	182	3.5	23	5	35.021	27.720	34.176	27.373		0.347	1.27		
701-2355	182	4.5	23	5	41.451	34.150	40.258	33.455		0.695	2.08		
701-2356	182	5.5	23	5	45.038	37.737	43.501	36.698		1.039	2.83	1.77	
701-2361	182	0.5	23	6	43.963	36.662	43.372	36.569		X	X		
701-2362	182	1.5	23	6	35.735	28.434	34.701	27.898		0.536	1.92		
701-2363	182	2.5	23	6	40.816	33.515	39.617	32.814		0.701	2.14		
701-2364	182	3.5	23	6	40.546	33.245	38.914	32.111		1.134	3.53		
701-2365	182	4.5	23	6	40.086	32.785	38.001	31.198		1.587	5.09		
701-2366	182	5.5	23	6	47.610	40.309	45.151	38.348		1.961	5.11	3.56	
Daily average			23		37.183	29.882	36.261	29.458		0.895	3.002		
705-2311	186	0.5	23	1	31.776	24.475	30.965	24.162		0.313	1.30		
705-2312	186	1.5	23	1	36.314	29.013	35.365	28.562		0.451	1.58		
705-2313	186	2.5	23	1	33.750	26.449	32.792	25.989		0.460	1.77		
705-2314	186	3.5	23	1	33.653	26.352	32.560	25.757		0.595	2.31		
705-2315	186	4.5	23	1	34.014	26.713	32.749	25.946		0.767	2.96		
705-2316	186	5.5	23	1	38.514	31.213	36.988	30.185		1.028	3.41	2.22	
705-2321	186	0.5	23	2	39.296	31.995	38.038	31.235		0.760	2.43		
705-2322	186	1.5	23	2	36.956	29.655	35.751	28.948		0.707	2.44		
705-2323	186	2.5	23	2	37.844	30.543	36.576	29.773		0.770	2.59		
705-2324	186	3.5	23	2	36.385	29.084	34.930	28.127		0.957	3.40		
705-2325	186	4.5	23	2	51.554	44.253	48.688	41.885		2.368	5.65		
705-2326	186	5.5	23	2	37.643	30.342	35.398	28.595		1.747	6.11	3.77	
705-2331	186	0.5	23	3	35.391	28.090	34.346	27.543		0.547	1.99		
705-2332	186	1.5	23	3	32.221	24.920	31.205	24.402		0.518	2.12		
705-2333	186	2.5	23	3	32.009	24.708	30.938	24.135		0.573	2.38		
705-2334	186	3.5	23	3	39.737	32.436	38.422	31.619		0.817	2.58		
705-2335	186	4.5	23	3	34.731	27.430	33.403	26.600		0.830	3.12		
705-2336	186	5.5	23	3	40.894	33.593	39.194	32.391		1.202	3.71	2.65	
705-2341	186	0.5	23	4	38.723	31.422	37.853	31.050		0.372	1.20		
705-2342	186	1.5	23	4	34.544	27.243	33.556	26.753		0.490	1.83		
705-2343	186	2.5	23	4	36.469	29.168	35.449	28.646		0.522	1.82		
705-2344	186	3.5	23	4	35.992	28.691	34.741	27.938		0.753	2.70		
705-2345	186	4.5	23	4	36.123	28.822	34.655	27.852		0.970	3.48		
705-2346	186	5.5	23	4	37.313	30.012	35.667	28.864		1.148	3.98	2.50	
705-2351	186	0.5	23	5	31.672	24.371	30.852	24.049		0.322	1.34		
705-2352	186	1.5	23	5	31.060	23.759	30.308	23.505		0.254	1.08		
705-2353	186	2.5	23	5	31.588	24.287	30.808	24.005		0.282	1.18		
705-2354	186	3.5	23	5	32.631	25.330	31.733	24.930		0.400	1.61		
705-2355	186	4.5	23	5	39.018	31.717	37.791	30.988		0.729	2.35		
705-2356	186	5.5	23	5	38.528	31.227	37.020	30.217		1.010	3.34	1.82	
705-2361	186	0.5	23	6	34.858	27.557	33.995	27.192		0.365	1.34		
705-2362	186	1.5	23	6	35.570	28.269	34.670	27.867		0.402	1.44		
705-2363	186	2.5	23	6	33.719	26.418	32.784	25.981		0.437	1.68		
705-2364	186	3.5	23	6	32.874	25.573	31.873	25.070		0.503	2.01		
705-2365	186	4.5	23	6	39.444	32.143	38.146	31.343		0.800	2.55		
705-2366	186	5.5	23	6	34.939	27.638	33.908	27.105		0.533	1.97	1.83	
Daily average			23		36.049	28.748	34.837	28.033		0.714	2.466		
706-2311	187	0.5	23	1	38.306	31.005	32.248	25.445		5.560	21.85		
706-2312	187	1.5	23	1	40.358	33.057	34.226	27.423		5.634	20.55		
706-2313	187	2.5	23	1	44.709	37.408	38.332	31.529		5.879	18.65		
706-2314	187	3.5	23	1	45.791	38.490	39.570	32.767		5.723	17.47		
706-2315	187	4.5	23	1	47.644	40.343	41.395	34.592		5.751	16.63		
706-2316	187	5.5	23	1	47.631	40.330	42.181	35.378		4.952	14.00	18.19	
706-2321	187	0.5	23	2	42.593	35.292	35.604	28.801		6.491	22.54		
706-2322	187	1.5	23	2	34.851	27.550	29.992	23.189		4.361	18.81		
706-2323	187	2.5	23	2	33.817	26.516	29.664	22.861		3.655	15.99		
706-2324	187	3.5	23	2	41.371	34.070	36.345	29.542		4.528	15.33		
706-2325	187	4.5	23	2	41.512	34.211	36.451	29.648		4.563	15.39		
706-2326	187	5.5	23	2	44.855	37.554	39.415	32.612		4.942	15.15	17.20	
706-2331	187	0.5	23	3	36.207	28.906	31.154	24.351		4.555	18.71		
706-2332	187	1.5	23	3	36.596	29.295	31.556	24.753		4.542	18.35		
706-2333	187	2.5	23	3	36.310	29.009	31.451	24.648		4.361	17.69		
706-2334	187	3.5	23	3	37.960	30.659	32.798	25.995		4.664	17.94		
706-2335	187	4.5	23	3	42.054	34.753	36.377	29.574		5.179	17.51		
706-2336	187	5.5	23	3	44.038	36.737	38.292	31.489		5.248	16.67	17.81	
706-2341	187	0.5	23	4	43.972	36.671	37.501	30.698		5.973	19.46		
706-2342	187	1.5	23	4	45.456	38.155	39.307	32.504		5.651	17.39		
706-2343	187	2.5	23	4	45.331	38.030	39.369	32.566		5.464	16.78		
706-2344	187	3.5	23	4	47.304	40.003	41.369	34.566		5.437	15.73		
706-2345	187	4.5	23	4	47.414	40.113	41.733	34.930		5.183	14.84		
706-2346	187	5.5	23	4	50.226	42.925	44.565	37.762		5.163	13.67	16.31	
706-2351	187	0.5	23	5	39.030	31.729	33.883	27.080		4.649	17.17		
706-2352	187	1.5	23	5	39.906	32.605	34.739	27.936		4.669	16.71		
706-2353	187	2.5	23	5	34.834	27.533	30.819	24.016		3.517	14.65		
706-2354	187	3.5	23	5	40.458	33.157	35.907	29.104		4.053	13.93		
706-2355	187	4.5	23	5	44.242	36.941	39.386	32.583		4.358	13.38		
706-2356	187	5.5	23	5	50.063	42.762	45.006	38.203		4.559	11.93	14.63	
706-2361	187	0.5	23	6	44.210	36.909	38.488	31.685		5.224	16.49		
706-2362	187	1.5	23	6	39.989	32.688	35.120	28.317		4.371	15.44		
706-2363	187	2.5	23	6	44.128	36.827	38.964	32.161		4.666	14.51		
706-2364	187	3.5	23	6	43.433	36.132	38.356	31.553		4.579	14.51		
706-2365	187	4.5	23	6	44.540	37.239	39.472	32.669		4.570	13.99		
706-2366	187	5.5	23	6	48.298	40.997	43.440	36.637		4.360	11.90	14.47	
Daily average			23		42.484	35.183	37.069	30.265		4.918	16.436		
707-2311	188	0.5	23	1	38.711	31.410	34.086	27.283		4.127	15.13		
707-2312	188	1.5	23	1	35.304	28.003	30.690	23.887		4.116	17.23		
707-2313	188	2.5	23	1	38.872	31.571	33.930	27.127		4.444	16.38		
707-2314	188	3.5	23	1	44.360	37.059	38.544	31.741		5.318	16.76		
707-2315	188	4.5	23	1	45.903	38.602	39.880	33.077		5.525	16.70		
707-2316	188	5.5	23	1	51.844	44.543	45.499	38.696		5.847	15.11	16.22	
707-2321	188	0.5	23	2	31.139	23.838	27.318	20.515		3.323	16.20		
707-2322	188	1.5	23	2	30.822	23.521	26.622	19.819		3.702	18.68		
707-2323	188	2.5	23	2	39.226	31.925	33.954	27.151		4.774	17.58		
707-2324	188	3.5	23	2	40.406	33.105	34.904	28.101		5.004	17.81		
707-2325	188	4.5	23	2	45.203	37.902	38.957	32.154		5.748	17.88		
707-2326	188	5.5	23	2	48.512	41.211	42.278	35.475		5.736	16.17	17.39	
707-2331	188	0.5	23	3	41.866	34.565	34.500	27.697		6.868	24.80		
707-2332	188	1.5	23	3	38.347	31.046	32.634	25.831		5.215	20.19		
707-2333	188	2.5	23	3	38.077	30.776	32.673	25.870		4.906	18.97		
707-2334	188	3.5	23	3	39.651	32.350	34.112	27.309		5.041	18.46		
707-2335	188	4.5	23	3	39.971	32.670	34.618	27.815		4.855	17.46		
707-2336	188	5.5	23	3	43.826	36.525	38.210	31.407		5.118	16.30	19.36	
707-2341	188	0.5	23	4	46.271	38.970	39.606	32.803		6.167	18.80		
707-2342	188	1.5	23	4	42.969	35.668	36.406	29.603		6.065	20.49		
707-2343	188	2.5	23	4	37.062	29.761	31.864	25.061		4.700	18.76		
707-2344	188	3.5	23	4	36.727	29.426	31.970	25.167		4.259	16.92		
707-2345	188	4.5	23	4	39.134	31.833	34.368	27.565		4.268	15.48		
707-2346	188	5.5	23	4	42.036	34.735	36.906	30.103		4.632	15.39	17.64	
707-2351	188	0.5	23	5	35.143	27.842	30.925	24.122		3.720	15.42		
707-2352	188	1.5	23	5	32.847	25.546	28.648	21.845		3.701	16.94		
707-2353	188	2.5	23	5	36.331	29.030	32.186	25.383		3.647	14.37		
707-2354	188	3.5	23	5	36.376	29.075	31.813	25.010		4.065	16.25		
707-2355	188	4.5	23	5	41.805	34.504	37.218	30.415		4.089	13.45		
707-2356	188	5.5	23	5	42.448	35.147	37.799	30.996		4.151	13.39	14.97	
707-2361	188	0.5	23	6	39.282	31.981	34.185	27.382		4.599	16.80		
707-2362	188	1.5	23	6	37.689	30.388	33.072	26.269		4.119	15.68		
707-2363	188	2.5	23	6	33.802	26.501	29.843	23.040		3.461	15.02		
707-2364	188	3.5	23	6	39.794	32.493	35.139	28.336		4.157	14.67		
707-2365	188	4.5	23	6	38.964	31.663	34.511	27.708		3.955	14.28		
707-2366	188	5.5	23	6	42.781	35.480	37.845	31.042		4.438	14.30	15.12	
Daily average			23		39.819	32.518	34.659	27.855		4.663	16.784		
708-2311	189	0.5	23	1	37.027	29.726	33.068	26.265		3.461	13.18		
708-2312	189	1.5	23	1	41.997	34.696	37.374	30.571		4.125	13.49		
708-2313	189	2.5	23	1	39.996	32.695	35.611	28.808		3.887	13.49		
708-2314	189	3.5	23	1	37.122	29.821	32.970	26.167		3.654	13.97		
708-2315	189	4.5	23	1	36.233	28.932	32.431	25.628		3.304	12.89		
708-2316	189	5.5	23	1	43.193	35.892	38.528	31.725		4.167	13.14	13.36	
708-2321	189	0.5	23	2	39.168	31.867	34.029	27.226		4.641	17.05			
708-2322	189	1.5	23	2	33.717	26.416	29.783	22.980		3.436	14.95			
708-2323	189	2.5	23	2	37.600	30.299	33.562	26.759		3.540	13.23			
708-2324	189	3.5	23	2	44.941	37.640	40.029	33.226		4.414	13.29			
708-2325	189	4.5	23	2	43.645	36.344	38.696	32.087		4.257	13.27			
708-2326	189	5.5	23	2	41.793	34.492	37.421	30.618		3.874	12.65	14.07		
708-2331	189	0.5	23	3	35.995	28.694	31.171	24.368		4.326	17.75			
708-2332	189	1.5	23	3	36.416	29.115	32.479	25.676		3.439	13.40			
708-2333	189	2.5	23	3	30.790	23.489	27.579	20.776		2.713	13.06			
708-2334	189	3.5	23	3	46.731	39.430	42.035	35.232		4.198	11.92			
708-2335	189	4.5	23	3	46.771	39.470	41.933	35.130		4.340	12.36			
708-2336	189	5.5	23	3	37.543	30.242	34.049	27.246		2.996	11.00	13.25		"Soil in pan .194G, FROM SAMPLES 2324-2336"
708-2341	189	0.5	23	4	36.581	29.280	32.123	25.320		3.960	15.64			
708-2342	189	1.5	23	4	36.794	29.493	31.280	24.477		5.016	20.49			
708-2343	189	2.5	23	4	40.023	32.722	35.606	28.803		3.919	13.61			
708-2344	189	3.5	23	4	39.261	31.960	34.788	27.985		3.975	14.21			
708-2345	189	4.5	23	4	40.202	32.901	35.853	29.050		3.851	13.26			
708-2346	189	5.5	23	4	39.764	32.463	35.707	28.904		3.559	12.31	14.92		
708-2351	189	0.5	23	5	42.822	35.521	36.984	30.181		5.340	17.69			
708-2352	189	1.5	23	5	37.640	30.339	33.640	26.837		3.502	13.05			
708-2353	189	2.5	23	5	40.724	33.423	36.328	29.525		3.898	13.20			"Soil in pan 3.9G, FROM SAMPLES 2341-2353"
708-2354	189	3.5	23	5	42.088	34.787	37.633	30.830		3.957	12.84			
708-2355	189	4.5	23	5	42.528	35.227	38.041	31.238		3.989	12.77			
708-2356	189	5.5	23	5	40.121	32.820	36.072	29.269		3.551	12.13	13.61		
708-2361	189	0.5	23	6	40.881	33.580	35.769	28.966		4.614	15.93			
708-2362	189	1.5	23	6	35.125	27.824	31.252	24.449		3.375	13.81			
708-2363	189	2.5	23	6	36.321	29.020	32.459	25.656		3.364	13.11			
708-2364	189	3.5	23	6	36.306	29.005	32.486	25.683		3.322	12.94			
708-2365	189	4.5	23	6	37.200	29.899	33.288	26.485		3.414	12.89			"Soil in pan .8 G, FROM SAMPLES 2354-2366"
708-2366	189	5.5	23	6	38.881	31.580	34.858	28.055		3.525	12.57	13.54		
Daily average			23		39.276	31.975	34.914	28.116		3.859	13.792			
709-2311	190	0.5	23	1	41.160	33.859	36.994	30.191		3.668	12.15			
709-2312	190	1.5	23	1	36.879	29.578	33.420	26.617		2.961	11.13		
709-2313	190	2.5	23	1	40.925	33.624	37.041	30.238		3.386	11.20		
709-2314	190	3.5	23	1	49.175	41.874	43.766	36.963		4.911	13.29		
709-2315	190	4.5	23	1	40.627	33.326	36.278	29.475		3.851	13.07		
709-2316	190	5.5	23	1	39.120	31.819	35.079	28.276		3.543	12.53	12.23	
709-2321	190	0.5	23	2	39.143	31.842	34.598	27.795		4.047	14.56		
709-2322	190	1.5	23	2	32.819	25.518	29.126	22.323		3.195	14.31		
709-2323	190	2.5	23	2	38.668	31.367	34.555	27.752		3.615	13.03		
709-2324	190	3.5	23	2	35.280	27.979	30.639	23.836		4.143	17.38		
709-2325	190	4.5	23	2	43.084	35.783	38.287	31.484		4.299	13.66		
709-2326	190	5.5	23	2	43.772	36.471	38.951	32.148		4.323	13.45	14.40	
709-2331	190	0.5	23	3	39.287	31.986	36.589	29.786		2.200	7.39		
709-2332	190	1.5	23	3	37.347	30.046	33.728	26.925		3.121	11.59		
709-2333	190	2.5	23	3	35.627	28.326	31.951	25.148		3.178	12.64		
709-2334	190	3.5	23	3	33.941	26.640	30.346	23.543		3.097	13.16		
709-2335	190	4.5	23	3	38.794	31.493	34.648	27.845		3.648	13.10		
709-2336	190	5.5	23	3	44.588	37.287	28.130	21.327		X	X	11.58	
709-2341	190	0.5	23	4	31.466	24.165	27.055	20.252		3.913	19.32		
709-2342	190	1.5	23	4	31.526	24.225	28.173	21.370		2.855	13.36		
709-2343	190	2.5	23	4	36.776	29.475	32.825	26.022		3.453	13.27		
709-2344	190	3.5	23	4	36.608	29.307	33.029	26.226		3.081	11.75		
709-2345	190	4.5	23	4	37.682	30.381	34.047	27.244		3.137	11.52		
709-2346	190	5.5	23	4	36.698	29.397	33.198	26.395		3.002	11.37	13.43	
709-2351	190	0.5	23	5	38.562	31.261	36.649	29.846		1.415	4.74		
709-2352	190	1.5	23	5	37.815	30.514	34.968	28.165		2.349	8.34		
709-2353	190	2.5	23	5	36.092	28.791	32.867	26.064		2.727	10.46		
709-2354	190	3.5	23	5	38.592	31.291	35.179	28.376		2.915	10.27		
709-2355	190	4.5	23	5	41.897	34.596	38.336	31.533		3.063	9.71		
709-2356	190	5.5	23	5	40.300	32.999	37.088	30.285		2.714	8.96	8.75	
709-2361	190	0.5	23	6	36.536	29.235	34.157	27.354		1.881	6.88		
709-2362	190	1.5	23	6	38.525	31.224	35.506	28.703		2.521	8.78		
709-2363	190	2.5	23	6	37.217	29.916	34.000	27.197		2.719	10.00		
709-2364	190	3.5	23	6	38.988	31.687	35.517	28.714		2.973	10.35		
709-2365	190	4.5	23	6	40.226	32.925	36.625	29.822		3.103	10.41		
709-2366	190	5.5	23	6	44.013	36.712	40.158	33.355		3.357	10.07	9.41	
Daily average			23		38.604	31.303	34.542	27.738		3.211	11.634		
710-2311	191	0.5	23	1	38.538	31.237	32.030	25.227		6.010	23.83		
710-2312	191	1.5	23	1	34.558	27.257	29.236	22.433		4.824	21.51		
710-2313	191	2.5	23	1	36.936	29.635	31.254	24.451		5.184	21.20		
710-2314	191	3.5	23	1	37.799	30.498	31.961	25.158		5.340	21.23		
710-2315	191	4.5	23	1	37.739	30.438	31.978	25.175		5.263	20.91		
710-2316	191	5.5	23	1	42.391	35.090	36.221	29.418		5.672	19.28	21.33	
710-2321	191	0.5	23	2	38.029	30.728	31.710	24.907		5.821	23.37		
710-2322	191	1.5	23	2	31.975	24.674	26.938	20.135		4.539	22.54		
710-2323	191	2.5	23	2	37.974	30.673	31.740	24.937		5.736	23.00		
710-2324	191	3.5	23	2	38.976	31.675	32.771	25.968		5.707	21.98		
710-2325	191	4.5	23	2	38.957	31.656	32.750	25.947		5.709	22.00		
710-2326	191	5.5	23	2	37.919	30.618	32.268	25.465		5.153	20.24	22.19	
710-2331	191	0.5	23	3	35.617	28.316	29.636	22.833		5.483	24.02		
710-2332	191	1.5	23	3	33.469	26.168	28.345	21.542		4.626	21.48		
710-2333	191	2.5	23	3	33.418	26.117	28.597	21.794		4.323	19.84		
710-2334	191	3.5	23	3	39.008	31.707	33.042	26.239		5.468	20.84		
710-2335	191	4.5	23	3	37.591	30.290	31.766	24.963		5.327	21.34		
710-2336	191	5.5	23	3	39.505	32.204	33.725	26.922		5.282	19.62	21.19	
Daily average			23		37.244	29.943	31.443	24.639		5.304	21.568		
711-2311	192	0.5	23	1	44.686	37.385	37.081	30.278		7.107	23.47		
711-2312	192	1.5	23	1	39.754	32.453	33.366	26.563		5.890	22.18		
711-2313	192	2.5	23	1	37.818	30.517	31.965	25.162		5.355	21.28		
711-2314	192	3.5	23	1	40.222	32.921	34.296	27.493		5.428	19.74		
711-2315	192	4.5	23	1	45.815	38.514	39.085	32.282		6.232	19.31		
711-2316	192	5.5	23	1	34.286	26.985	29.672	22.869		4.116	18.00	20.66	
711-2321	192	0.5	23	2	43.900	36.599	36.533	29.730		6.869	23.11		
711-2322	192	1.5	23	2	37.757	30.456	31.630	24.827		5.629	22.67		
711-2323	192	2.5	23	2	38.062	30.761	32.331	25.528		5.233	20.50		
711-2324	192	3.5	23	2	46.882	39.581	39.946	33.143		6.438	19.43		
711-2325	192	4.5	23	2	41.992	34.691	35.807	29.004		5.687	19.61		
711-2326	192	5.5	23	2	44.700	37.399	38.516	31.713		5.686	17.93	20.54	
711-2331	192	0.5	23	3	32.088	24.787	27.609	20.806		3.981	19.14		
711-2332	192	1.5	23	3	31.283	23.982	26.930	20.127		3.855	19.16		
711-2333	192	2.5	23	3	33.412	26.111	28.483	21.680		4.431	20.44		
711-2334	192	3.5	23	3	36.333	29.032	31.486	24.683		4.349	17.62		
711-2335	192	4.5	23	3	44.787	37.486	38.139	31.336		6.150	19.63		
711-2336	192	5.5	23	3	36.212	28.911	31.123	24.320		4.591	18.88	19.14	
711-2341	192	0.5	23	4	43.556	36.255	35.582	28.779		7.476	25.98		
711-2342	192	1.5	23	4	42.233	34.932	34.732	27.929		7.003	25.08		
711-2343	192	2.5	23	4	43.643	36.342	37.913	31.110		5.232	16.82		
711-2344	192	3.5	23	4	52.601	45.300	45.240	38.437		6.863	17.86		
711-2345	192	4.5	23	4	46.231	38.930	39.916	33.113		5.817	17.57		
711-2346	192	5.5	23	4	51.525	44.224	44.705	37.902		6.322	16.68	20.00	
711-2351	192	0.5	23	5	45.418	38.117	38.774	31.971		6.146	19.22		
711-2352	192	1.5	23	5	34.515	27.214	29.751	22.948		4.266	18.59		
711-2353	192	2.5	23	5	38.105	30.804	32.880	26.077		4.727	18.13		
711-2354	192	3.5	23	5	37.928	30.627	32.828	26.025		4.602	17.68		
711-2355	192	4.5	23	5	43.391	36.090	37.055	30.252		5.838	19.30		
711-2356	192	5.5	23	5	44.492	37.191	38.347	31.544		5.647	17.90	18.47	
711-2361	192	0.5	23	6	36.502	29.201	31.026	24.223		4.978	20.55		
711-2362	192	1.5	23	6	39.023	31.722	33.415	26.612		5.110	19.20		
711-2363	192	2.5	23	6	42.365	35.064	36.615	29.812		5.252	17.62		
711-2364	192	3.5	23	6	42.010	34.709	36.594	29.791		4.918	16.51		
711-2365	192	4.5	23	6	38.768	31.467	33.566	26.763		4.704	17.58		
711-2366	192	5.5	23	6	42.701	35.400	37.039	30.236		5.164	17.08	18.09	
Daily average			23		40.972	33.671	34.999	28.196		5.475	19.484		
712-2311	193	0.5	23	1	41.159	33.858	35.485	28.682		5.176	18.05		
712-2312	193	1.5	23	1	34.795	27.494	30.125	23.322		4.172	17.89		
712-2313	193	2.5	23	1	39.154	31.853	34.599	27.796		4.057	14.60		
712-2314	193	3.5	23	1	40.096	32.795	34.731	28.718		4.077	14.20		
712-2315	193	4.5	23	1	43.675	36.374	38.259	31.456		4.918	15.64			
712-2316	193	5.5	23	1	44.840	37.539	39.372	32.569		4.970	15.26	15.94		
712-2321	193	0.5	23	2	38.669	31.368	32.696	25.893		5.475	21.15			
712-2322	193	1.5	23	2	37.015	29.714	31.070	24.267		5.447	22.45			".79 g left in pan, samples 2311-2322"
712-2323	193	2.5	23	2	35.320	28.019	30.506	23.703		4.316	18.21			
712-2324	193	3.5	23	2	30.001	22.700	26.096	19.293		3.407	17.66			
712-2325	193	4.5	23	2	35.108	27.807	30.549	23.746		4.061	17.10			
712-2326	193	5.5	23	2	39.700	32.399	34.212	27.809		4.590	16.51	18.85		
712-2331	193	0.5	23	3	36.552	29.251	29.918	23.115		6.136	26.55			
712-2332	193	1.5	23	3	28.608	21.307	24.572	17.769		3.538	19.91			
712-2333	193	2.5	23	3	39.492	32.191	33.770	26.967		5.224	19.37			
712-2334	193	3.5	23	3	34.938	27.637	29.817	23.014		4.623	20.09			
712-2335	193	4.5	23	3	53.968	46.667	46.084	39.281		7.386	18.80			
712-2336	193	5.5	23	3	39.163	31.862	33.617	26.814		5.048	18.83	20.59		
712-2341	193	0.5	23	4	36.002	28.701	30.967	24.164		4.537	18.78			
712-2342	193	1.5	23	4	33.787	26.486	28.262	21.459		5.027	23.43			
712-2343	193	2.5	23	4	38.020	30.719	32.982	26.179		4.540	17.34			".4 g left in pan, samples 2323-2343"
712-2344	193	3.5	23	4	36.668	29.367	31.959	25.156		4.211	16.74			
712-2345	193	4.5	23	4	40.007	32.706	34.743	27.940		4.766	17.06			
712-2346	193	5.5	23	4	41.004	33.703	36.083	29.280		4.423	15.11	18.08		
712-2351	193	0.5	23	5	44.814	37.513	38.945	32.142		5.371	16.71			
712-2352	193	1.5	23	5	37.091	29.790	32.222	25.419		4.371	17.20			
712-2353	193	2.5	23	5	41.309	34.008	35.878	29.075		4.933	16.97			
712-2354	193	3.5	23	5	39.302	32.001	34.400	27.597		4.404	15.96			
712-2355	193	4.5	23	5	39.498	32.197	34.422	27.914		4.283	15.34			
712-2356	193	5.5	23	5	40.319	33.018	35.101	28.593		4.425	15.48	16.28		
712-2361	193	0.5	23	6	35.807	28.506	30.449	23.646		4.860	20.55			
712-2362	193	1.5	23	6	32.226	24.925	27.617	20.814		4.111	19.75			
712-2363	193	2.5	23	6	28.887	21.586	25.011	18.208		3.378	18.55			
712-2364	193	3.5	23	6	37.953	30.652	32.769	25.966		4.686	18.05			
712-2365	193	4.5	23	6	39.246	31.945	34.038	27.235		4.710	17.30			
712-2366	193	5.5	23	6	42.503	35.202	37.363	30.560		4.642	15.19	18.23		".59 g left in pan, samples 2355-2366"
Daily average			23		38.242	30.941	33.019	26.265		4.675	17.993		
713-2311	194	0.5	23	1	40.488	33.187	36.179	29.376		3.811	12.97		
713-2312	194	1.5	23	1	40.578	33.277	36.261	29.458		3.819	12.97		
713-2313	194	2.5	23	1	42.447	35.146	37.592	30.789		4.357	14.15		
713-2314	194	3.5	23	1	35.591	28.290	31.815	25.012		3.278	13.11		
713-2315	194	4.5	23	1	47.576	40.275	42.355	35.552		4.723	13.29		
713-2316	194	5.5	23	1	42.451	35.150	37.854	31.051		4.099	13.20	13.28	
713-2321	194	0.5	23	2	37.142	29.841	32.834	26.031		3.810	14.64		
713-2322	194	1.5	23	2	43.472	36.171	38.692	31.889		4.282	13.43		
713-2323	194	2.5	23	2	45.533	38.232	40.582	33.779		4.453	13.18		
713-2324	194	3.5	23	2	42.741	35.440	37.807	31.004		4.436	14.31		
713-2325	194	4.5	23	2	46.659	39.358	37.846	31.043		X	X		
713-2326	194	5.5	23	2	42.132	34.831	41.501	34.698		X	X	13.89	
713-2331	194	0.5	23	3	35.815	28.514	31.960	25.157		3.357	13.35		
713-2332	194	1.5	23	3	33.756	26.455	30.655	23.852		2.603	10.91		
713-2333	194	2.5	23	3	42.604	35.303	38.281	31.478		3.825	12.15		
713-2334	194	3.5	23	3	35.555	28.254	31.946	25.143		3.111	12.37		
713-2335	194	4.5	23	3	37.077	29.776	33.372	26.569		3.207	12.07		
713-2336	194	5.5	23	3	38.526	31.225	34.866	28.063		3.162	11.27	12.02	
Daily average			23		40.564	33.263	36.244	29.441		3.771	12.961		
714-2311	195	0.5	23	1	36.245	28.944	33.170	26.367		2.577	9.77		
714-2312	195	1.5	23	1	37.945	30.644	34.406	27.603		3.041	11.02		
714-2313	195	2.5	23	1	38.450	31.149	34.598	27.795		3.354	12.07		
714-2314	195	3.5	23	1	39.232	31.931	35.189	28.386		3.545	12.49		
714-2315	195	4.5	23	1	38.193	30.892	34.348	27.545		3.347	12.15		
714-2316	195	5.5	23	1	40.995	33.694	36.582	29.779		3.915	13.15	11.78	
714-2321	195	0.5	23	2	38.890	31.589	33.948	27.145		4.444	16.37		
714-2322	195	1.5	23	2	43.271	35.970	37.617	30.814		5.156	16.73		
714-2323	195	2.5	23	2	42.975	35.674	37.719	30.916		4.758	15.39		
714-2324	195	3.5	23	2	40.424	33.123	35.319	28.516		4.607	16.16		
714-2325	195	4.5	23	2	41.078	33.777	36.151	29.348		4.429	15.09		
714-2326	195	5.5	23	2	39.365	32.064	34.603	27.800		4.264	15.34	15.85	
714-2331	195	0.5	23	3	36.136	28.835	32.896	26.093		2.742	10.51		
714-2332	195	1.5	23	3	30.300	22.999	26.547	19.744		3.255	16.49		
714-2333	195	2.5	23	3	30.726	23.425	27.732	20.929		2.496	11.93		
714-2334	195	3.5	23	3	36.763	29.462	33.002	26.199		3.263	12.46		
714-2335	195	4.5	23	3	38.160	30.859	34.222	27.419		3.440	12.55		
714-2336	195	5.5	23	3	35.885	28.584	32.126	25.323		3.261	12.88	12.80	
Daily average			23		38.057	30.756	33.899	27.095		3.661	13.475		
715-2311	196	0.5	23	1	37.208	29.907	35.022	28.219		1.688	5.98		
715-2312	196	1.5	23	1	44.933	37.632	41.154	34.351		3.281	9.55		
715-2313	196	2.5	23	1	40.096	32.795	36.238	29.435		3.360	11.42		
715-2314	196	3.5	23	1	35.628	28.327	32.120	25.317		3.010	11.89		
715-2315	196	4.5	23	1	41.716	34.415	37.444	30.641		3.774	12.32		
715-2316	196	5.5	23	1	41.216	33.915	36.812	30.009		3.906	13.02	10.70	
715-2321	196	0.5	23	2	50.985	43.684	45.992	39.189		4.495	11.47		
715-2322	196	1.5	23	2	40.776	33.475	36.698	29.895		3.580	11.98		
715-2323	196	2.5	23	2	54.147	46.846	48.627	41.824		5.022	12.01		
715-2324	196	3.5	23	2	47.454	40.153	42.437	35.634		4.519	12.68														
715-2325	196	4.5	23	2	42.667	35.366	38.216	31.413		3.953	12.59														
715-2326	196	5.5	23	2	50.166	42.865	44.877	38.074		4.791	12.58	12.22													
715-2331	196	0.5	23	3	41.096	33.795	38.352	31.549		2.246	7.12														
715-2332	196	1.5	23	3	42.469	35.168	38.921	32.118		3.050	9.50														
715-2333	196	2.5	23	3	41.219	33.918	37.556	30.753		3.165	10.29														
715-2334	196	3.5	23	3	44.336	37.035	40.108	33.305		3.730	11.20														
715-2335	196	4.5	23	3	44.518	37.217	40.012	33.209		4.008	12.07														
715-2336	196	5.5	23	3	45.888	38.587	41.213	34.410		4.177	12.14	10.39													
Daily average			23		43.695	36.394	39.544	32.741		3.653	11.100														
716-2311	197	0.5	23	1	38.978	31.677	37.450	30.647		1.030	3.36														
716-2312	197	1.5	23	1	39.853	32.552	37.252	30.449		2.103	6.91														
716-2313	197	2.5	23	1	37.499	30.198	34.379	27.576		2.622	9.51														
716-2314	197	3.5	23	1	43.755	36.454	40.237	33.434		3.020	9.03														
716-2315	197	4.5	23	1	36.543	29.242	33.214	26.411		2.831	10.72														
716-2316	197	5.5	23	1	33.737	26.436	30.690	23.887		2.549	10.67	8.37													
716-2321	197	0.5	23	2	39.994	32.693	37.782	30.979		1.714	5.53														
716-2322	197	1.5	23	2	34.740	27.439	31.740	24.937		2.502	10.03														
716-2323	197	2.5	23	2	34.626	27.325	31.121	24.318		3.007	12.37														
716-2324	197	3.5	23	2	36.483	29.182	32.654	25.851		3.331	12.89														
716-2325	197	4.5	23	2	39.105	31.804	34.990	28.187		3.617	12.83														
716-2326	197	5.5	23	2	42.509	35.208	38.038	31.235		3.973	12.72	11.06													
716-2331	197	0.5	23	3	40.921	33.620	39.411	32.608		1.012	3.10														
716-2332	197	1.5	23	3	39.640	32.339	37.012	30.209		2.130	7.05														
716-2333	197	2.5	23	3	40.622	33.321	37.422	30.619		2.702	8.83														
716-2334	197	3.5	23	3	40.030	32.729	36.562	29.759		2.970	9.98														
715-2335	197	4.5	23	3	37.251	29.950	34.994	28.191		1.759	6.24														
716-2336	197	5.5	23	3	44.020	36.719	40.247	33.444		3.275	9.79	7.50													
Daily average			23		38.906	31.605	35.844	29.041		2.564	8.977														
717-2311	198	0.5	23	1	37.805	30.504	36.527	29.724		0.780	2.63														
717-2312	198	1.5	23	1	41.113	33.812	38.978	32.175		1.637	5.09														
717-2313	198	2.5	23	1	39.729	32.428	36.794	29.991		2.437	8.13														
717-2314	198	3.5	23	1	44.684	37.383	40.876	34.073		3.310	9.72														
717-2315	198	4.5	23	1	37.746	30.445	34.576	27.773		2.672	9.62														
717-2316	198	5.5	23	1	44.170	36.869	40.264	33.461		3.408	10.19	7.56													
717-2321	198	0.5	23	2	39.712	32.411	38.373	31.570		0.841	2.66														
717-2322	198	1.5	23	2	38.588	31.287	36.453	29.650		1.637	5.52														
717-2323	198	2.5	23	2	39.392	32.091	35.976	29.173		2.918	10.00														
717-2324	198	3.5	23	2	38.853	31.552	35.148	28.345		3.207	11.32														
717-2325	198	4.5	23	2	37.388	30.087	33.715	26.912		3.175	11.80														
717-2326	198	5.5	23	2	37.660	30.359	34.113	27.310		3.049	11.17	8.75													
717-2331	198	0.5	23	3	37.715	30.414	36.321	29.518		0.896	3.04														
717-2332	198	1.5	23	3	35.450	28.149	33.250	26.447		1.702	6.44														
717-2333	198	2.5	23	3	38.145	30.844	34.715	27.912		2.932	10.51														
717-2334	198	3.5	23	3	36.842	29.541	33.268	26.465		3.076	11.62														
717-2335	198	4.5	23	3	38.085	30.784	34.249	27.446		3.338	12.16														
717-2336	198	5.5	23	3	39.031	31.730	35.417	28.614		3.116	10.89	9.11													
Daily average			23		39.006	31.705	36.056	29.253		2.452	8.472														
718-2311	199	0.5	23	1	37.608	30.307	36.278	29.475		0.832	2.82		
718-2312	199	1.5	23	1	35.901	28.600	33.942	27.139		1.461	5.38		
718-2313	199	2.5	23	1	39.211	31.910	36.319	29.516		2.394	8.11		
718-2314	199	3.5	23	1	34.865	27.564	31.966	25.163		2.401	9.54		
718-2315	199	4.5	23	1	41.881	34.580	38.365	31.562		3.018	9.56		
718-2316	199	5.5	23	1	45.438	38.137	41.445	34.642		3.495	10.09	7.59	
718-2321	199	0.5	23	2	40.024	32.723	36.680	29.877		2.846	9.53		
718-2322	199	1.5	23	2	39.179	31.878	35.486	28.683		3.195	11.14		
718-2323	199	2.5	23	2	38.448	31.147	34.397	27.594		3.553	12.88		
718-2324	199	3.5	23	2	39.383	32.082	35.606	28.803		3.279	11.39		
718-2325	199	4.5	23	2	37.832	30.531	33.973	27.170		3.361	12.37		
718-2326	199	5.5	23	2	43.273	35.972	38.766	31.963		4.009	12.54	11.64	
718-2331	199	0.5	23	3	37.828	30.527	36.150	29.347		1.180	4.02		
718-2332	199	1.5	23	3	35.465	28.164	33.084	26.281		1.883	7.17		
718-2333	199	2.5	23	3	38.349	31.048	35.164	28.361		2.687	9.48		
718-2334	199	3.5	23	3	39.561	32.260	35.871	29.068		3.192	10.98		
718-2335	199	4.5	23	3	36.856	29.555	33.411	26.608		2.947	11.08		
718-2336	199	5.5	23	3	37.955	30.654	34.628	27.825		2.829	10.17	8.82	
Daily average			23		38.837	31.536	35.641	28.837		2.698	9.347		
719-2311	200	0.5	23	1	35.664	28.363	34.227	27.424		0.939	3.43		
719-2312	200	1.5	23	1	42.886	35.585	40.269	33.466		2.119	6.33		
719-2313	200	2.5	23	1	40.767	33.466	37.591	30.788		2.678	8.70		
719-2314	200	3.5	23	1	46.177	38.876	42.824	36.021		2.855	7.93		
719-2315	200	4.5	23	1	45.184	37.883	41.839	35.036		2.847	8.13		
719-2316	200	5.5	23	1	31.120	23.819	28.858	22.055		1.764	8.00	7.09	
719-2321	200	0.5	23	2	37.343	30.042	35.877	29.074		0.968	3.33		
719-2322	200	1.5	23	2	35.550	28.249	32.204	25.401		2.848	11.21		
719-2323	200	2.5	23	2	39.513	32.212	36.190	29.387		2.825	9.61		
719-2324	200	3.5	23	2	36.395	29.094	33.197	26.394		2.700	10.23		
719-2325	200	4.5	23	2	38.716	31.415	35.275	28.472		2.943	10.34		
719-2326	200	5.5	23	2	36.696	29.395	33.128	26.325		3.070	11.66	9.40	
719-2331	200	0.5	23	3	39.006	31.705	37.218	30.415		1.290	4.24		
719-2332	200	1.5	23	3	37.009	29.708	34.398	27.595		2.113	7.66		
719-2333	200	2.5	23	3	42.090	34.789	39.226	32.423		2.366	7.30		
719-2334	200	3.5	23	3	37.614	30.313	34.442	27.639		2.674	9.68		
719-2335	200	4.5	23	3	39.315	32.014	35.984	29.181		2.833	9.71		
719-2336	200	5.5	23	3	38.925	31.624	35.478	28.675		2.949	10.29	8.14	
Daily average			23		38.887	31.586	36.013	29.209		2.377	8.209		

