Day of Year	Location # -->	1	2	3	4	5	6		Depth (cm)-->	0.5	1.5	2.5	3.5	4.5	5.5	0-6 cm mean		
176		9.13	9.49	6.89	7.28	10.07	10.10			2.80	7.30	9.68	10.92	11.58	10.68	8.83		
177		11.25	7.49	9.38	10.69	9.05	7.63			3.92	6.64	9.39	11.46	12.26	11.82	9.25		
178		9.05	8.72	11.85	9.71	6.61	11.18			3.89	7.24	9.85	11.39	12.29	12.45	9.52		
179		10.52	7.68	11.41	7.89	8.97	8.39			3.95	7.24	8.96	11.05	11.92	11.74	9.14		
182		7.88	7.44	4.64	4.91	5.28	6.08			3.85	3.46	6.20	6.91	8.25	7.57	6.04		
183										2.28	3.65	5.13	7.26	8.84	8.61	5.96		
184										2.80	3.54	5.48	7.37	9.44	9.13	6.29		
186		8.03	7.92	6.93	7.66	7.33	5.16			3.67	5.27	6.35	7.97	9.70	9.82	7.13		
187		18.67	16.27	16.71	18.33	15.68	17.72			19.95	18.91	18.14	16.87	16.05	13.71	17.27		
188		20.42	19.88	19.42	21.34	23.40	22.59			24.13	22.81	21.58	20.43	20.58	18.24	21.30		
189		17.97	16.01	17.05	18.34	18.04	17.89			20.44	17.67	17.46	17.59	16.52	15.54	17.54		
190		14.00	13.94	15.85	17.76	15.98	17.62			15.32	16.06	16.59	16.62	15.99	14.58	15.86		
191		23.05	24.07	23.93						25.19	24.08	23.58	23.56	24.07	21.62	23.68		
192		23.40	23.18	26.60	26.34	26.72	23.89			26.90	25.31	25.45	25.34	24.15	22.99	25.02		
193		24.30	23.74	26.22	23.15	28.66	28.34			27.64	27.00	26.79	24.92	24.66	23.40	25.74		
194		19.51	19.73	21.06						20.05	19.47	20.30	20.58	20.06	20.13	20.10	
195		19.73	21.11	20.63						21.08	19.27	20.42	20.44	21.34	20.38	20.49	
196		17.39	17.99	16.13						16.18	17.21	17.24	17.28	17.85	17.25	17.17	
197		17.81	16.50	13.68						14.52	15.38	16.06	16.50	17.02	16.52	16.00	
198		15.74	15.13	15.98						14.28	15.19	16.10	15.94	16.59	15.60	15.62	
199		14.00	14.55	13.05						8.98	12.54	14.82	15.24	15.82	15.79	13.87	
200		11.98	15.07	11.43						10.22	11.66	13.06	13.82	14.40	13.82	12.83	
Mean		15.69	15.29	15.44						13.28	13.95	14.94	15.43	15.88	15.06	14.76	
																	
																	
																	
																	
																	
																	
																	
																	
							
							
							
							
							
							
							
							
							
							
							
							
							
							
							
							
							
							
							
							
							
							
							
							
							
							
							
							
							
							
							
							
				
				
				
				
				
				
				
				
				
				
				
				
				
				
				
				
				
				
				
				
				
				
				
				
				
				
				
				
				
				
				
				
				
				
				
				
				
				
				
				
				
				
				
				
				
				
				
				
				
				
				
				
				
				
				
				
				
				
				
				
				
				
				
				
				
				
				
				
				
				
				
				
				
				
				
				
				
				
				
				
				
				
				
				
				
				
				
				
				
				
				
				
				
				
				
				
				
				
				
				
				
				
				
				
				
				
				
				
				
				
				
				
			
			
			
			
			
			
			
			
			
			
			
			
			
			
			
			
			
			
			
			
			
			
			
			
			
			
			
			
			






















































			
			
			
			
			
			


			
			
			
			
			
			
			
			
			
			
			
			
			
			
			
			
			
			
			
			
			
			
			
			























				
