Sample ID	Day of Year	Depth	Site	Location	Wet weight	Wet soil weight	Dry weight	Net dry weight of soil	Dry tare weight	Weight H2O	GSM	Core Mean						
		(cm)			(g)	(g)	(g)	(g)	(g)	(g)	(%)	GSM (%)						
625-1611	176	0.5	16	1	33.589	23.638	32.505	23.052	9.453	0.586	2.54							
625-1612	176	1.5	16	1	34.835	24.915	33.881	24.459	9.422	0.456	1.87							
625-1613	176	2.5	16	1	26.566	16.477	25.502	15.911	9.591	0.566	3.56							
625-1614	176	3.5	16	1	42.429	32.555	39.417	30.041	9.376	2.514	8.37							
625-1615	176	4.5	16	1	34.689	24.853	31.877	22.539	9.338	2.314	10.27							
625-1616	176	5.5	16	1	47.483	37.604	43.619	34.238	9.381	3.366	9.83	6.07						
625-1621	176	0.5	16	2	36.604	26.353	35.684	25.931	9.753	0.422	1.63							
625-1622	176	1.5	16	2	28.122	18.290	27.444	18.110	9.334	0.180	1.00							
625-1623	176	2.5	16	2	36.079	26.373	34.265	25.057	9.208	1.316	5.25							
625-1624	176	3.5	16	2	34.016	24.477	31.497	22.456	9.041	2.021	9.00							
625-1625	176	4.5	16	2	56.878	46.156	50.791	40.567	10.224	5.589	13.78							
625-1626	176	5.5	16	2	51.877	40.083	47.388	36.092	11.296	3.991	11.06	6.95						
625-1631	176	0.5	16	3	37.318	25.184	36.021	24.385	11.636	0.799	3.28							
625-1632	176	1.5	16	3	37.650	25.682	36.372	24.902	11.470	0.780	3.13							
625-1633	176	2.5	16	3	36.656	26.654	34.812	25.308	9.504	1.346	5.32		
625-1634	176	3.5	16	3	42.782	32.934	39.788	30.438	9.350	2.496	8.20		
625-1635	176	4.5	16	3	42.066	32.041	38.770	29.243	9.527	2.798	9.57		
625-1636	176	5.5	16	3	43.073	33.074	39.701	30.200	9.501	2.874	9.52	6.50	
625-1641	176	0.5	16	4	34.598	24.648	33.458	24.006	9.452	0.642	2.68		
625-1642	176	1.5	16	4	27.886	18.052	26.758	17.422	9.336	0.630	3.62		
625-1643	176	2.5	16	4	26.911	17.002	28.082	18.671	9.411	X	X		
625-1644	176	3.5	16	4	41.981	32.263	37.772	28.552	9.220	3.711	13.00		
625-1645	176	4.5	16	4	36.012	26.173	32.971	23.630	9.341	2.543	10.76		
625-1646	176	5.5	16	4	36.833	26.876	32.638	23.179	9.459	3.697	15.95	9.20	
625-1651	176	0.5	16	5	32.468	22.468	31.270	21.768	9.502	0.700	3.22		
625-1652	176	1.5	16	5	33.555	23.806	32.072	22.821	9.251	0.985	4.32		
625-1653	176	2.5	16	5	37.925	28.032	35.490	26.095	9.395	1.937	7.42		
625-1654	176	3.5	16	5	41.753	31.925	38.020	28.690	9.330	3.235	11.28		
625-1655	176	4.5	16	5	42.992	33.248	39.172	29.926	9.246	3.322	11.10		
625-1656	176	5.5	16	5	39.051	29.136	35.857	26.440	9.417	2.696	10.20	7.92	
625-1661	176	0.5	16	6	33.216	23.141	32.022	22.445	9.577	0.696	3.10		
625-1662	176	1.5	16	6	37.742	28.027	35.757	26.540	9.217	1.487	5.60		
625-1663	176	2.5	16	6	36.409	26.600	33.842	24.531	9.311	2.069	8.44		
625-1664	176	3.5	16	6	36.027	26.343	32.110	22.924	9.186	3.419	14.92		
625-1665	176	4.5	16	6	36.441	26.600	32.459	23.116	9.343	3.484	15.07		
625-1666	176	5.5	16	6	38.322	28.568	34.113	24.857	9.256	3.711	14.93	10.34	
Daily average			16		37.579	27.507	35.089	25.515	9.574	2.097	7.794		
626-1611	177	0.5	16	1	32.435	25.134	31.053	24.250	6.803	0.884	3.65		
626-1612	177	1.5	16	1	33.592	26.291	32.351	25.548	6.803	0.743	2.91		
626-1613	177	2.5	16	1	40.741	33.440	38.812	32.009	6.803	1.431	4.47		
626-1614	177	3.5	16	1	36.756	29.455	34.257	27.454	6.803	2.001	7.29		
626-1615	177	4.5	16	1	34.091	26.790	31.618	24.815	6.803	1.975	7.96		
626-1616	177	5.5	16	1	45.452	38.151	41.926	35.123	6.803	3.028	8.62	5.82	
626-1621	177	0.5	16	2	35.992	28.691	34.838	28.035	6.803	0.656	2.34		
626-1622	177	1.5	16	2	31.469	24.168	30.315	23.512	6.803	0.656	2.79		
626-1623	177	2.5	16	2	35.815	28.514	33.825	27.022	6.803	1.492	5.52		
626-1624	177	3.5	16	2	40.948	33.647	37.881	31.078	6.803	2.569	8.27		
626-1625	177	4.5	16	2	38.600	31.299	35.731	28.928	6.803	2.371	8.20		
626-1626	177	5.5	16	2	40.199	32.898	37.711	30.908	6.803	1.990	6.44	5.59	
626-1631	177	0.5	16	3	40.268	32.967	38.808	32.005	6.803	0.962	3.01		
626-1632	177	1.5	16	3	34.728	27.427	33.164	26.361	6.803	1.066	4.05		
626-1633	177	2.5	16	3	51.636	44.335	48.549	41.746	6.803	2.589	6.20		
626-1634	177	3.5	16	3	25.478	18.177	23.825	17.022	6.803	1.155	6.79		
626-1635	177	4.5	16	3	55.377	48.076	50.618	43.815	6.803	4.261	9.73		
626-1636	177	5.5	16	3	26.411	19.110	24.891	18.088	6.803	1.022	5.65	5.90	
626-1641	177	0.5	16	4	31.044	23.743	29.892	23.089	6.803	0.654	2.83		
626-1642	177	1.5	16	4	39.475	32.174	37.971	31.168	6.803	1.006	3.23		
626-1643	177	2.5	16	4	32.146	24.845	30.651	23.848	6.803	0.997	4.18		
626-1644	177	3.5	16	4	43.097	35.796	40.197	33.394	6.803	2.402	7.19		
626-1645	177	4.5	16	4	38.176	30.875	35.205	28.402	6.803	2.473	8.71		
626-1646	177	5.5	16	4	32.069	24.768	29.578	22.775	6.803	1.993	8.75	5.82	
626-1651	177	0.5	16	5	35.321	28.020	34.079	27.276	6.803	0.744	2.73		
626-1652	177	1.5	16	5	36.464	29.163	35.167	28.364	6.803	0.799	2.82		
626-1653	177	2.5	16	5	28.987	21.686	27.628	20.825	6.803	0.861	4.14		
626-1654	177	3.5	16	5	39.618	32.317	36.935	30.132	6.803	2.185	7.25		
626-1655	177	4.5	16	5	40.407	33.106	36.922	30.119	6.803	2.987	9.92		
626-1656	177	5.5	16	5	37.147	29.846	34.124	27.321	6.803	2.525	9.24	6.02	
626-1661	177	0.5	16	6	29.927	22.626	28.641	21.838	6.803	0.788	3.61		
626-1662	177	1.5	16	6	31.971	24.670	30.365	23.562	6.803	1.108	4.70		
626-1663	177	2.5	16	6	29.588	22.287	27.680	20.877	6.803	1.410	6.76		
626-1664	177	3.5	16	6	37.787	30.486	34.520	27.717	6.803	2.769	9.99		
626-1665	177	4.5	16	6	35.476	28.175	31.400	24.597	6.803	3.578	14.55		
626-1666	177	5.5	16	6	33.944	26.643	30.136	23.333	6.803	3.310	14.19	8.97	
Daily average			16		36.462	29.161	34.202	27.398		1.763	6.352		
627-1611	178	0.5	16	1	32.321	25.020	31.572	24.769		0.251	1.01		
627-1612	178	1.5	16	1	32.148	24.847	31.014	24.211		0.636	2.63		
627-1613	178	2.5	16	1	33.654	26.353	32.234	25.431		0.922	3.63		
627-1614	178	3.5	16	1	33.029	25.728	31.193	24.390		1.338	5.49		
627-1615	178	4.5	16	1	31.328	24.027	29.069	22.266		1.761	7.91		
627-1616	178	5.5	16	1	37.975	30.674	34.866	28.063		2.611	9.31	5.00	
627-1621	178	0.5	16	2	36.181	28.880	35.068	28.265		0.615	2.18		
627-1622	178	1.5	16	2	35.670	28.369	34.520	27.717		0.652	2.35		
627-1623	178	2.5	16	2	33.386	26.085	37.105	30.302		X	X		
627-1624	178	3.5	16	2	34.553	27.252	33.166	26.363		0.889	3.37		
627-1625	178	4.5	16	2	38.431	31.130	36.403	29.600		1.530	5.17		
627-1626	178	5.5	16	2	37.173	29.872	34.905	28.102		1.770	6.30	3.87	
627-1631	178	0.5	16	3	26.296	18.995	24.156	17.353		X	X		
627-1632	178	1.5	16	3	38.497	31.196	37.111	30.308		0.888	2.93		
627-1633	178	2.5	16	3	41.935	34.634	39.060	32.257		2.377	7.37		
627-1634	178	3.5	16	3	35.149	27.848	31.962	25.159		X	X		
627-1635	178	4.5	16	3	34.754	27.453	30.520	23.717		X	X		
627-1636	178	5.5	16	3	43.024	35.723	39.744	32.941		2.782	8.45	6.25	
627-1641	178	0.5	16	4	28.470	21.169	27.309	20.506		0.663	3.23		
627-1642	178	1.5	16	4	29.802	22.501	28.580	21.777		0.724	3.33		
627-1643	178	2.5	16	4	21.253	13.952	20.260	13.457		0.495	3.68		
627-1644	178	3.5	16	4	30.617	23.316	28.593	21.790		1.526	7.00		
627-1645	178	4.5	16	4	29.565	22.264	27.173	20.370		1.894	9.30		
627-1646	178	5.5	16	4	31.297	23.996	28.739	21.936		2.060	9.39	5.99	
627-1651	178	0.5	16	5	32.656	25.355	31.393	24.590		0.765	3.11		
627-1652	178	1.5	16	5	35.394	28.093	33.919	27.116		0.977	3.60		
627-1653	178	2.5	16	5	34.869	27.568	32.746	25.943		1.625	6.26		
627-1654	178	3.5	16	5	39.270	31.969	36.450	29.647		2.322	7.83		
627-1655	178	4.5	16	5	45.580	38.279	41.373	34.570		3.709	10.73		
627-1656	178	5.5	16	5	43.864	36.563	40.061	33.258		3.305	9.94	6.91	
627-1661	178	0.5	16	6	28.431	21.130	26.473	19.670		1.460	7.42		
627-1662	178	1.5	16	6	38.272	30.971	36.332	29.529		1.442	4.88		
627-1663	178	2.5	16	6	35.243	27.942	32.640	25.837		2.105	8.15		
627-1664	178	3.5	16	6	36.567	29.266	33.314	26.511		2.755	10.39		
627-1665	178	4.5	16	6	29.450	22.149	26.565	19.762		2.387	12.08		
627-1666	178	5.5	16	6	36.539	29.238	32.447	25.644		3.594	14.02	9.49	
Daily average			16		34.518	27.217	32.445	25.642		1.651	6.327		
628-1611	179	0.5	16	1	37.149	29.848	34.785	27.982		1.866	6.67		
628-1612	179	1.5	16	1	34.948	27.647	32.734	25.931		1.716	6.62		
628-1613	179	2.5	16	1	37.428	30.127	35.578	28.775		1.352	4.70		
628-1614	179	3.5	16	1	34.487	27.186	33.125	26.322		0.864	3.28		
628-1615	179	4.5	16	1	33.846	26.545	32.813	26.010		0.535	2.06		
628-1616	179	5.5	16	1	36.312	29.011	35.339	28.536		0.475	1.67	4.17	
628-1621	179	0.5	16	2	32.239	24.938	31.242	24.439		0.499	2.04		
628-1622	179	1.5	16	2	38.814	31.513	37.207	30.404		1.109	3.65		
628-1623	179	2.5	16	2	37.692	30.391	35.676	28.873		1.518	5.26		
628-1624	179	3.5	16	2	42.639	35.338	39.366	32.563		2.775	8.52		
628-1625	179	4.5	16	2	56.482	49.181	51.585	44.782		4.399	9.82		
628-1626	179	5.5	16	2	38.673	31.372	35.717	28.914		2.458	8.50	6.30	
628-1631	179	0.5	16	3	27.912	20.611	24.816	18.013		X	X		
628-1632	179	1.5	16	3	37.766	30.465	36.447	29.644		0.821	2.77		
628-1633	179	2.5	16	3	34.695	27.394	33.197	26.394		1.000	3.79		
628-1634	179	3.5	16	3	34.482	27.181	32.405	25.602		1.579	6.17		
628-1635	179	4.5	16	3	38.821	31.520	36.024	29.221		2.299	7.87		
628-1636	179	5.5	16	3	43.457	36.156	40.157	33.354		2.802	8.40	5.80	
628-1641	179	0.5	16	4	33.200	25.899	32.995	26.192		X	X		
628-1642	179	1.5	16	4	39.537	32.236	37.403	30.600		1.636	5.35		
628-1643	179	2.5	16	4	38.867	31.566	35.943	29.140		2.426	8.33		
628-1644	179	3.5	16	4	41.565	34.264	37.699	30.896		3.368	10.90		
628-1645	179	4.5	16	4	37.546	30.245	33.963	27.160		3.085	11.36		
628-1646	179	5.5	16	4	31.878	24.577	29.329	22.526		2.051	9.11	9.01	
628-1651	179	0.5	16	5	31.367	24.066	30.344	23.541		0.525	2.23		
628-1652	179	1.5	16	5	38.366	31.065	36.931	30.128		0.937	3.11		
628-1653	179	2.5	16	5	36.108	28.807	34.276	27.473		1.334	4.86		
628-1654	179	3.5	16	5	39.084	31.783	36.239	29.436		2.347	7.97		
628-1655	179	4.5	16	5	34.230	26.929	31.263	24.460		2.469	10.10		
628-1656	179	5.5	16	5	44.617	37.316	40.697	33.894		3.422	10.10	6.39	
628-1661	179	0.5	16	6	25.288	17.987	24.045	17.242		0.745	4.32		
628-1662	179	1.5	16	6	31.316	24.015	29.827	23.024		0.991	4.31		
628-1663	179	2.5	16	6	34.260	26.959	32.242	25.439		1.520	5.98		
628-1664	179	3.5	16	6	32.667	25.366	30.138	23.335		2.031	8.71		
628-1665	179	4.5	16	6	35.524	28.223	31.852	25.049		3.174	12.67		
628-1666	179	5.5	16	6	42.733	35.432	37.474	30.671		4.761	15.52	8.58	
Daily average			16		36.833	29.532	34.469	27.665		1.909	6.668		
701-1611	182	0.5	16	1	33.481	26.180	32.511	25.708		0.472	1.84		
701-1612	182	1.5	16	1	25.771	18.470	25.016	18.213		0.257	1.41		
701-1613	182	2.5	16	1	28.964	21.663	27.947	21.144		0.519	2.46		
701-1614	182	3.5	16	1	30.571	23.270	29.356	22.553		0.717	3.18		
701-1615	182	4.5	16	1	35.912	28.611	34.199	27.396		1.215	4.44		
701-1616	182	5.5	16	1	36.369	29.068	34.621	27.818		1.250	4.49	2.97	
701-1621	182	0.5	16	2	34.152	26.851	33.218	26.415		0.436	1.65		
701-1622	182	1.5	16	2	31.709	24.408	30.658	23.855		0.553	2.32		
701-1623	182	2.5	16	2	38.068	30.767	36.652	29.849		0.918	3.08		
701-1624	182	3.5	16	2	40.665	33.364	38.668	31.865		1.499	4.71		
701-1625	182	4.5	16	2	27.824	20.523	26.307	19.504		1.019	5.23		
701-1626	182	5.5	16	2	54.066	46.765	49.912	43.109		3.656	8.48	4.24	
701-1631	182	0.5	16	3	33.698	26.397	32.499	25.696		0.701	2.73		
701-1632	182	1.5	16	3	36.385	29.084	35.327	28.524		0.560	1.96		
701-1633	182	2.5	16	3	38.527	31.226	37.276	30.473		0.753	2.47		
701-1634	182	3.5	16	3	38.741	31.440	35.101	28.298		X	X		
701-1635	182	4.5	16	3	34.820	27.519	35.554	28.751		X	X		
701-1636	182	5.5	16	3	36.532	29.231	34.458	27.655		1.576	5.70	3.22	
701-1641	182	0.5	16	4	36.556	29.255	35.343	28.540		0.715	2.51		
701-1642	182	1.5	16	4	33.024	25.723	31.752	24.949		0.774	3.10		
701-1643	182	2.5	16	4	34.572	27.271	32.927	26.124		1.147	4.39		
701-1644	182	3.5	16	4	42.528	35.227	39.859	33.056		2.171	6.57		
701-1645	182	4.5	16	4	31.552	24.251	29.387	22.584		1.667	7.38		
701-1646	182	5.5	16	4	47.346	40.045	43.340	36.537		3.508	9.60	5.59	
701-1651	182	0.5	16	5	32.809	25.508	31.853	25.050		0.458	1.83		
701-1652	182	1.5	16	5	36.634	29.333	35.498	28.695		0.638	2.22		
701-1653	182	2.5	16	5	24.597	17.296	23.693	16.890		0.406	2.41		
701-1654	182	3.5	16	5	20.311	13.010	19.187	12.384		0.626	5.06		
701-1655	182	4.5	16	5	34.186	26.885	31.889	25.086		1.799	7.17		
701-1656	182	5.5	16	5	41.328	34.027	38.347	31.544		2.483	7.87	4.43	
701-1661	182	0.5	16	6	30.641	23.340	29.325	22.522		0.818	3.63		
701-1662	182	1.5	16	6	36.044	28.743	34.353	27.550		1.193	4.33		
701-1663	182	2.5	16	6	36.963	29.662	34.897	28.094		1.568	5.58		
701-1664	182	3.5	16	6	41.733	34.432	38.698	31.895		2.537	7.96		
701-1665	182	4.5	16	6	38.112	30.811	34.985	28.182		2.629	9.33		
701-1666	182	5.5	16	6	37.112	29.811	34.073	27.270		2.541	9.32	6.69	
Daily average			16		35.342	28.041	33.575	26.771		1.288	4.600		
705-1611	186	0.5	16	1	32.099	24.798	26.935	20.132		X	X		
705-1612	186	1.5	16	1	31.059	23.758	27.077	20.274		3.484	17.19		
705-1613	186	2.5	16	1	32.949	25.648	28.974	22.171		3.477	15.68		
705-1614	186	3.5	16	1	38.243	30.942	33.563	26.760		4.182	15.63		
705-1615	186	4.5	16	1	35.543	28.242	31.044	24.241		4.001	16.51		
705-1616	186	5.5	16	1	37.016	29.715	33.465	26.662		3.053	11.45	15.29	
705-1621	186	0.5	16	2	33.545	26.244	29.516	22.713		3.531	15.55		
705-1622	186	1.5	16	2	31.379	24.078	28.118	21.315		2.763	12.96		
705-1623	186	2.5	16	2	32.278	24.977	28.251	21.448		3.529	16.46		
705-1624	186	3.5	16	2	35.217	27.916	31.247	24.444		3.472	14.21		
705-1625	186	4.5	16	2	37.377	30.076	33.184	26.381		3.695	14.01		
705-1626	186	5.5	16	2	40.266	32.965	36.299	29.496		3.469	11.76	14.16	
705-1631	186	0.5	16	3	37.179	29.878	33.323	26.520		3.358	12.66		
705-1632	186	1.5	16	3	35.037	27.736	31.102	24.299		3.437	14.15		
705-1633	186	2.5	16	3	37.358	30.057	33.321	26.518		3.539	13.35		
705-1634	186	3.5	16	3	38.103	30.802	32.728	25.925		4.877	18.81		
705-1635	186	4.5	16	3	38.019	30.718	35.021	28.218		2.500	8.86		
705-1636	186	5.5	16	3	37.114	29.813	34.589	27.786		2.027	7.30	12.52	
705-1641	186	0.5	16	4	38.342	31.041	31.943	25.140		5.901	23.47		
705-1642	186	1.5	16	4	34.302	27.001	29.230	22.427		4.574	20.40		
705-1643	186	2.5	16	4	36.180	28.879	30.652	23.849		5.030	21.09		
705-1644	186	3.5	16	4	35.009	27.708	29.737	22.934		4.774	20.82		
705-1645	186	4.5	16	4	33.099	25.798	28.743	21.940		3.858	17.59		
705-1646	186	5.5	16	4	38.447	31.146	34.155	27.352		3.794	13.87	19.54	
705-1651	186	0.5	16	5	31.773	24.472	27.067	20.264		4.208	20.77		
705-1652	186	1.5	16	5	29.205	21.904	25.173	18.370		3.534	19.24		
705-1653	186	2.5	16	5	32.716	25.415	28.348	21.545		3.870	17.96		
705-1654	186	3.5	16	5	35.718	28.417	30.945	24.142		4.275	17.71		
705-1655	186	4.5	16	5	36.591	29.290	32.060	25.257		4.033	15.97		
705-1656	186	5.5	16	5	38.472	31.171	33.466	26.663		4.508	16.91	18.09	
705-1661	186	0.5	16	6	33.366	26.065	28.576	21.773		4.292	19.71		
705-1662	186	1.5	16	6	34.618	27.317	29.266	22.463		4.854	21.61		
705-1663	186	2.5	16	6	33.749	26.448	28.286	21.483		4.965	23.11		
705-1664	186	3.5	16	6	35.460	28.159	30.096	23.293		4.866	20.89		
705-1665	186	4.5	16	6	36.900	29.599	27.469	20.666		X	X		
705-1666	186	5.5	16	6	31.672	24.371	29.154	22.351		2.020	9.04	18.87	
Daily average			16		35.150	27.849	30.615	23.811		3.875	16.373		
706-1611	187	0.5	16	1	32.857	25.556	29.048	22.245		3.311	14.89			
706-1612	187	1.5	16	1	27.866	20.565	24.816	18.013		2.552	14.17			
706-1613	187	2.5	16	1	30.822	23.521	26.830	20.027		3.494	17.45			
706-1614	187	3.5	16	1	36.617	29.316	32.439	25.636		3.680	14.36			
706-1615	187	4.5	16	1	45.312	38.011	40.352	33.549		4.462	13.30			
706-1616	187	5.5	16	1	41.678	34.377	37.594	30.791		3.586	11.65	14.30		
706-1621	187	0.5	16	2	30.141	22.840	26.575	19.772		3.068	15.52			
706-1622	187	1.5	16	2	39.517	32.216	34.186	27.383		4.833	17.65			
706-1623	187	2.5	16	2	41.701	34.400	36.586	29.783		4.617	15.50			
706-1624	187	3.5	16	2	37.770	30.469	33.176	26.373		4.096	15.53			
706-1625	187	4.5	16	2	43.386	36.085	37.449	30.646		5.439	17.75			
706-1626	187	5.5	16	2	38.161	30.860	34.141	27.338		3.522	12.88	15.81		
706-1631	187	0.5	16	3	30.834	23.533	26.568	19.765		3.768	19.07			
706-1632	187	1.5	16	3	34.538	27.237	30.771	23.968		3.269	13.64			
706-1633	187	2.5	16	3	31.668	24.367	28.054	21.251		3.116	14.66			
706-1634	187	3.5	16	3	37.333	30.032	33.405	26.602		3.430	12.90			
706-1635	187	4.5	16	3	37.645	30.344	33.851	27.048		3.296	12.19		
706-1636	187	5.5	16	3	35.942	28.641	32.832	26.029		2.612	10.04	13.75	
706-1641	187	0.5	16	4	20.163	12.862	17.457	10.654		2.208	20.73		
706-1642	187	1.5	16	4	38.838	31.537	32.087	25.284		6.253	24.73		
706-1643	187	2.5	16	4	29.836	22.535	25.398	18.595		3.940	21.19		
706-1644	187	3.5	16	4	35.987	28.686	30.502	23.699		4.987	21.04		
706-1645	187	4.5	16	4	37.311	30.010	31.932	25.129		4.881	19.43		
706-1646	187	5.5	16	4	37.801	30.500	32.889	26.086		4.414	16.92	20.67	
706-1651	187	0.5	16	5	32.532	25.231	27.629	20.826		4.405	21.15		
706-1652	187	1.5	16	5	30.119	22.818	25.902	19.099		3.719	19.47		
706-1653	187	2.5	16	5	39.407	32.106	33.662	26.859		5.247	19.54		
706-1654	187	3.5	16	5	37.647	30.346	32.203	25.400		4.946	19.47		
706-1655	187	4.5	16	5	40.929	33.628	35.184	28.381		5.247	18.49		
706-1656	187	5.5	16	5	39.925	32.624	34.743	27.940		4.684	16.77	19.15	
706-1661	187	0.5	16	6	23.753	16.452	20.100	13.297		3.155	23.73		
706-1662	187	1.5	16	6	30.725	23.424	25.608	18.805		4.619	24.56		
706-1663	187	2.5	16	6	29.618	22.317	24.658	17.855		4.462	24.99		
706-1664	187	3.5	16	6	35.192	27.891	28.785	21.982		5.909	26.88		
706-1665	187	4.5	16	6	36.651	29.350	30.326	23.523		5.827	24.77		
706-1666	187	5.5	16	6	39.191	31.890	32.945	26.142		5.748	21.99	24.49	
Daily average			16		35.261	27.960	30.575	23.771		4.189	18.028		
707-1611	188	0.5	16	1	31.608	24.307	27.222	20.419		3.888	19.04		
707-1612	188	1.5	16	1	34.556	27.255	29.939	23.136		4.119	17.80		
707-1613	188	2.5	16	1	35.177	27.876	30.044	23.241		4.635	19.94		
707-1614	188	3.5	16	1	39.182	31.881	33.690	26.887		4.994	18.58		
707-1615	188	4.5	16	1	41.108	33.807	35.817	29.014		4.793	16.52		
707-1616	188	5.5	16	1	35.199	27.898	31.009	24.206		3.692	15.25	17.86	
707-1621	188	0.5	16	2	35.159	27.858	30.498	23.695		4.163	17.57		
707-1622	188	1.5	16	2	35.428	28.127	30.533	23.730		4.397	18.53		
707-1623	188	2.5	16	2	39.671	32.370	34.828	28.025		4.345	15.51		
707-1624	188	3.5	16	2	38.281	30.980	33.756	26.953		4.027	14.94		
707-1625	188	4.5	16	2	42.756	35.455	38.011	31.208		4.247	13.61		
707-1626	188	5.5	16	2	40.652	33.351	36.433	29.630		3.721	12.56	15.45	
707-1631	188	0.5	16	3	25.066	17.765	21.391	14.588		3.177	21.78		
707-1632	188	1.5	16	3	33.944	26.643	29.073	22.270		4.373	19.64		
707-1633	188	2.5	16	3	34.344	27.043	29.477	22.674		4.369	19.27		
707-1634	188	3.5	16	3	34.296	26.995	29.587	22.784		4.211	18.48		
707-1635	188	4.5	16	3	35.429	28.128	30.778	23.975		4.153	17.32		
707-1636	188	5.5	16	3	39.030	31.729	34.421	27.618		4.111	14.89	18.56	
707-1641	188	0.5	16	4	30.593	23.292	25.715	18.912		4.380	23.16		
707-1642	188	1.5	16	4	21.459	14.158	18.167	11.364		2.794	24.59		
707-1643	188	2.5	16	4	25.118	17.817	21.218	14.415		3.402	23.60		
707-1644	188	3.5	16	4	35.697	28.396	29.674	22.871		5.525	24.16		
707-1645	188	4.5	16	4	34.894	27.593	29.381	22.578		5.015	22.21		
707-1646	188	5.5	16	4	40.564	33.263	34.025	27.222		6.041	22.19	23.32	
707-1651	188	0.5	16	5	31.843	24.542	26.546	19.743		4.799	24.31		
707-1652	188	1.5	16	5	36.752	29.451	30.713	23.910		5.541	23.18		
707-1653	188	2.5	16	5	37.520	30.219	31.564	24.761		5.458	22.04		
707-1654	188	3.5	16	5	38.864	31.563	32.323	25.920		5.643	21.77			
707-1655	188	4.5	16	5	40.364	33.063	34.096	27.293		5.770	21.14			
707-1656	188	5.5	16	5	44.654	37.353	37.964	31.161		6.192	19.87	22.05		
707-1661	188	0.5	16	6	26.179	18.878	21.558	14.755		4.123	27.95			
707-1662	188	1.5	16	6	29.737	22.436	24.274	17.471		4.965	28.42			
707-1663	188	2.5	16	6	32.177	24.876	26.278	19.475		5.401	27.73			
707-1664	188	3.5	16	6	29.119	21.818	24.328	17.525		4.293	24.50			.8 g soil in pan from samples 1654-1666
707-1665	188	4.5	16	6	34.728	27.427	29.262	22.859		4.568	19.98			
707-1666	188	5.5	16	6	33.686	26.385	29.414	22.611		3.774	16.69	24.21		
Daily average			16		34.857	27.556	29.806	23.025		4.531	20.243			
708-1611	189	0.5	16	1	28.551	21.250	25.143	18.340		2.910	15.87			
708-1612	189	1.5	16	1	35.484	28.183	31.175	24.372		3.811	15.64			
708-1613	189	2.5	16	1	36.731	29.430	32.322	25.519		3.911	15.33			
708-1614	189	3.5	16	1	46.333	39.032	40.576	33.773		5.259	15.57			
708-1615	189	4.5	16	1	45.948	38.647	40.273	33.470		5.177	15.47			
708-1616	189	5.5	16	1	38.764	31.463	34.635	27.832		3.631	13.05	15.15		
708-1621	189	0.5	16	2	32.102	24.801	28.620	21.817		2.984	13.68			
708-1622	189	1.5	16	2	34.489	27.188	30.403	23.600		3.588	15.20			
708-1623	189	2.5	16	2	33.297	25.996	29.476	22.673		3.323	14.66			
708-1624	189	3.5	16	2	35.485	28.184	31.440	24.637		3.547	14.40			
708-1625	189	4.5	16	2	39.143	31.842	34.710	27.907		3.935	14.10			
708-1626	189	5.5	16	2	46.283	38.982	40.990	34.187		4.795	14.03	14.34		
708-1631	189	0.5	16	3	39.572	32.271	33.407	27.474		4.797	17.46			
708-1632	189	1.5	16	3	36.602	29.301	32.014	25.211		4.090	16.22			
708-1633	189	2.5	16	3	39.000	31.699	34.358	27.555		4.144	15.04			
708-1634	189	3.5	16	3	39.981	32.680	35.173	28.660		4.020	14.03			1.744g soil in pan from samples 1631-1636 (soil spilling from 1631)
708-1635	189	4.5	16	3	44.754	37.453	39.217	32.704		4.749	14.52			
708-1636	189	5.5	16	3	49.206	41.905	43.418	36.615		5.290	14.45	15.29		
708-1641	189	0.5	16	4	33.684	26.383	28.988	22.185		4.198	18.92			
708-1642	189	1.5	16	4	33.272	25.971	28.373	21.570		4.401	20.40			
708-1643	189	2.5	16	4	35.457	28.156	29.829	23.026		5.130	22.28			
708-1644	189	3.5	16	4	39.721	32.420	33.645	26.842		5.578	20.78			
708-1645	189	4.5	16	4	38.671	31.370	33.043	26.240		5.130	19.55		
708-1646	189	5.5	16	4	38.645	31.344	33.660	26.857		4.487	16.71	19.78	
708-1651	189	0.5	16	5	32.086	24.785	28.025	21.222		3.563	16.79		
708-1652	189	1.5	16	5	32.553	25.252	28.478	21.675		3.577	16.50		
708-1653	189	2.5	16	5	34.624	27.323	30.006	23.203		4.120	17.76		
708-1654	189	3.5	16	5	34.160	26.859	29.845	23.042		3.817	16.57		
708-1655	189	4.5	16	5	33.268	25.967	28.070	21.267		4.700	22.10		
708-1656	189	5.5	16	5	33.853	26.552	30.124	23.321		3.231	13.86	17.26	
708-1661	189	0.5	16	6	30.005	22.704	26.899	20.096		2.608	12.98		
708-1662	189	1.5	16	6	33.513	26.212	28.465	21.662		4.550	21.01		
708-1663	189	2.5	16	6	33.595	26.294	28.493	21.690		4.604	21.23		
708-1664	189	3.5	16	6	34.285	26.984	29.013	22.210		4.774	21.50		
708-1665	189	4.5	16	6	35.644	28.343	30.025	23.222		5.121	22.05		
708-1666	189	5.5	16	6	40.182	32.881	34.146	27.343		5.538	20.26	19.84	
Daily average			16		36.915	29.614	32.124	25.361		4.253	16.943		
709-1611	190	0.5	16	1	32.810	25.509	31.384	24.581		0.928	3.78		
709-1612	190	1.5	16	1	36.029	28.728	33.274	26.471		2.257	8.53		
709-1613	190	2.5	16	1	40.664	33.363	36.594	29.791		3.572	11.99		
709-1614	190	3.5	16	1	46.958	39.657	41.794	34.991		4.666	13.34		
709-1615	190	4.5	16	1	33.673	26.372	30.475	23.672		2.700	11.41		
709-1616	190	5.5	16	1	38.576	31.275	34.886	28.083		3.192	11.37	10.07	
709-1621	190	0.5	16	2	28.260	20.959	26.793	19.990		0.969	4.85		
709-1622	190	1.5	16	2	30.868	23.567	28.500	21.697		1.870	8.62		
709-1623	190	2.5	16	2	38.836	31.535	35.230	28.427		3.108	10.93		
709-1624	190	3.5	16	2	31.802	24.501	28.965	22.162		2.339	10.56		
709-1625	190	4.5	16	2	38.297	30.996	34.505	27.702		3.294	11.89		
709-1626	190	5.5	16	2	37.586	30.285	33.774	26.971		3.314	12.29	9.86	
709-1631	190	0.5	16	3	26.840	19.539	25.395	18.592		0.947	5.10		
709-1632	190	1.5	16	3	41.389	34.088	37.602	30.799		3.289	10.68		
709-1633	190	2.5	16	3	44.190	36.889	39.478	32.675		4.214	12.90		
709-1634	190	3.5	16	3	42.241	34.940	37.671	30.868		4.072	13.19		
709-1635	190	4.5	16	3	42.638	35.337	38.237	31.434		3.903	12.42		
709-1636	190	5.5	16	3	35.898	28.597	32.575	25.772		2.825	10.96	10.87	
709-1641	190	0.5	16	4	35.367	28.066	32.264	25.461		2.605	10.23		
709-1642	190	1.5	16	4	43.317	36.016	39.287	32.484		3.532	10.87		
709-1643	190	2.5	16	4	40.122	32.821	35.343	28.540		4.281	15.00		
709-1644	190	3.5	16	4	36.429	29.128	31.985	25.182		3.946	15.67		
709-1645	190	4.5	16	4	44.976	37.675	39.126	32.323		5.352	16.56		
709-1646	190	5.5	16	4	36.673	29.372	32.333	25.530		3.842	15.05	13.90	
709-1651	190	0.5	16	5	34.448	27.147	31.264	24.461		2.686	10.98		
709-1652	190	1.5	16	5	39.451	32.150	35.012	28.209		3.941	13.97		
709-1653	190	2.5	16	5	35.923	28.622	31.698	24.895		3.727	14.97		
709-1654	190	3.5	16	5	36.498	29.197	31.360	25.267		3.930	15.55		
709-1655	190	4.5	16	5	37.899	30.598	33.333	26.530		4.068	15.33		
709-1656	190	5.5	16	5	41.317	34.016	36.504	29.701		4.315	14.53	14.22	
709-1661	190	0.5	16	6	30.744	23.443	28.055	21.252		2.191	10.31		
709-1662	190	1.5	16	6	30.788	23.487	27.009	20.206		3.281	16.24		
709-1663	190	2.5	16	6	41.092	33.791	35.462	28.659		5.132	17.91		
709-1664	190	3.5	16	6	35.302	28.001	30.743	23.940		4.061	16.96			.71g found in pan for samples 1556-1666
709-1665	190	4.5	16	6	34.515	27.214	29.874	23.071		4.143	17.96			
709-1666	190	5.5	16	6	37.674	30.373	33.186	26.383		3.990	15.12	15.75		
Daily average			16		37.225	29.924	33.360	26.577		3.347	12.445			
710-1611	191	0.5	16	1	45.851	38.550	34.444	27.641		10.909	39.47			
710-1612	191	1.5	16	1	42.187	34.886	34.579	27.776		7.110	25.60			
710-1613	191	2.5	16	1	46.108	38.807	37.731	30.928		7.879	25.48			
710-1614	191	3.5	16	1	40.431	33.130	33.451	26.648		6.482	24.33			
710-1615	191	4.5	16	1	40.523	33.222	33.832	27.029		6.193	22.91			
710-1616	191	5.5	16	1	37.854	30.553	32.168	25.365		5.188	20.45	26.37		
710-1621	191	0.5	16	2	40.572	33.271	32.877	26.074		7.197	27.60			
710-1622	191	1.5	16	2	40.863	33.562	33.602	26.799		6.763	25.24			
710-1623	191	2.5	16	2	42.708	35.407	35.002	28.199		7.208	25.56			
710-1624	191	3.5	16	2	42.581	35.280	35.176	28.373		6.907	24.34			
710-1625	191	4.5	16	2	38.918	31.617	32.273	25.470		6.147	24.14			
710-1626	191	5.5	16	2	48.781	41.480	41.085	34.282		7.198	21.00	24.65		
710-1631	191	0.5	16	3	38.308	31.007	31.252	24.449		6.558	26.82		
710-1632	191	1.5	16	3	36.780	29.479	30.267	23.464		6.015	25.64		
710-1633	191	2.5	16	3	40.891	33.590	33.802	26.999		6.591	24.41		
710-1634	191	3.5	16	3	39.148	31.847	32.655	25.852		5.995	23.19		
710-1635	191	4.5	16	3	41.601	34.300	34.474	27.671		6.629	23.96		
710-1636	191	5.5	16	3	35.065	27.764	28.719	21.916		5.848	26.69	25.12	
Daily average			16		41.065	33.764	33.744	26.941		6.823	25.379		
711-1611	192	0.5	16	1	33.714	26.413	28.203	21.400		5.013	23.43		
711-1612	192	1.5	16	1	42.591	35.290	35.942	29.139		6.151	21.11		
711-1613	192	2.5	16	1	36.268	28.967	30.318	23.515		5.452	23.19		
711-1614	192	3.5	16	1	42.309	35.008	35.906	29.103		5.905	20.29		
711-1615	192	4.5	16	1	40.726	33.425	34.335	27.532		5.893	21.41		
711-1616	192	5.5	16	1	43.337	36.036	36.531	29.728		6.308	21.22	21.77	
711-1621	192	0.5	16	2	47.351	40.050	38.931	32.128		7.922	24.66		
711-1622	192	1.5	16	2	45.847	38.546	38.094	31.291		7.255	23.19		
711-1623	192	2.5	16	2	49.589	42.288	41.179	34.376		7.912	23.02		
711-1624	192	3.5	16	2	54.067	46.766	45.701	38.898		7.868	20.23		
711-1625	192	4.5	16	2	52.605	45.304	44.841	38.038		7.266	19.10		
711-1626	192	5.5	16	2	50.085	42.784	42.996	36.193		6.591	18.21	21.40	
711-1631	192	0.5	16	3	47.300	39.999	38.796	31.993		8.006	25.03		
711-1632	192	1.5	16	3	50.904	43.603	42.502	35.699		7.904	22.14		
711-1633	192	2.5	16	3	43.427	36.126	36.366	29.563		6.563	22.20		
711-1634	192	3.5	16	3	49.053	41.752	41.052	34.249		7.503	21.91		
711-1635	192	4.5	16	3	52.601	45.300	44.305	37.502		7.798	20.79		
711-1636	192	5.5	16	3	46.328	39.027	39.223	32.420		6.607	20.38	22.08	
711-1641	192	0.5	16	4	41.975	34.674	32.259	25.456		9.218	36.21		
711-1642	192	1.5	16	4	44.235	36.934	34.503	27.700		9.234	33.34		
711-1643	192	2.5	16	4	41.166	33.865	32.158	25.355		8.510	33.56		
711-1644	192	3.5	16	4	46.297	38.996	36.406	29.603		9.393	31.73		
711-1645	192	4.5	16	4	47.880	40.579	37.872	31.069		9.510	30.61		
711-1646	192	5.5	16	4	50.181	42.880	40.620	33.817		9.063	26.80	32.04	
711-1651	192	0.5	16	5	44.093	36.792	35.758	28.955		7.837	27.07		
711-1652	192	1.5	16	5	39.266	31.965	32.422	25.619		6.346	24.77		
711-1653	192	2.5	16	5	45.301	38.000	37.527	30.724		7.276	23.68		
711-1654	192	3.5	16	5	46.200	38.899	37.982	31.179		7.720	24.76		
711-1655	192	4.5	16	5	47.551	40.250	39.012	32.209		8.041	24.97		
711-1656	192	5.5	16	5	45.198	37.897	37.880	31.077		6.820	21.95	24.53	
711-1661	192	0.5	16	6	42.264	34.963	33.135	26.332		8.631	32.78		
711-1662	192	1.5	16	6	38.493	31.192	30.590	23.787		7.405	31.13		
711-1663	192	2.5	16	6	39.449	32.148	31.420	24.617		7.531	30.59		
711-1664	192	3.5	16	6	41.140	33.839	32.555	25.752		8.087	31.40		
711-1665	192	4.5	16	6	45.852	38.551	36.273	29.470		9.081	30.82		
711-1666	192	5.5	16	6	47.488	40.187	38.338	31.535		8.652	27.44	30.69	
Daily average			16		45.059	37.758	36.998	30.195		7.563	25.420		
712-1611	193	0.5	16	1	34.030	26.729	29.020	22.217		4.512	20.31		
712-1612	193	1.5	16	1	36.259	28.958	30.772	23.969		4.989	20.82		
712-1613	193	2.5	16	1	42.665	35.364	36.402	29.599		5.765	19.48		
712-1614	193	3.5	16	1	41.806	34.505	35.560	28.757		5.748	19.99		
712-1615	193	4.5	16	1	39.170	31.869	33.406	26.603		5.266	19.80		
712-1616	193	5.5	16	1	40.600	33.299	34.429	27.626		5.673	20.54	20.15	
712-1621	193	0.5	16	2	32.925	25.624	27.997	21.194		4.430	20.90		
712-1622	193	1.5	16	2	48.654	41.353	41.954	35.151		6.202	17.64		
712-1623	193	2.5	16	2	38.313	31.012	33.125	26.322		4.690	17.82		
712-1624	193	3.5	16	2	38.935	31.634	33.396	26.593		5.041	18.96		
712-1625	193	4.5	16	2	41.446	34.145	35.613	28.810		5.335	18.52		
712-1626	193	5.5	16	2	41.578	34.277	36.023	29.220		5.057	17.31	18.53	
712-1631	193	0.5	16	3	41.187	33.886	34.505	27.702		6.184	22.32		
712-1632	193	1.5	16	3	40.654	33.353	34.684	27.881		5.472	19.63		
712-1633	193	2.5	16	3	46.705	39.404	39.715	32.912		6.492	19.73		
712-1634	193	3.5	16	3	48.042	40.741	40.887	34.084		6.657	19.53		
712-1635	193	4.5	16	3	50.309	43.008	43.067	36.264		6.744	18.60		
712-1636	193	5.5	16	3	55.147	47.846	47.817	41.014		6.832	16.66	19.41	
712-1641	193	0.5	16	4	39.524	32.223	31.720	24.917		7.306	29.32		
712-1642	193	1.5	16	4	28.803	21.502	23.966	17.163		4.339	25.28		
712-1643	193	2.5	16	4	32.046	24.745	26.702	19.899		4.846	24.35		
712-1644	193	3.5	16	4	36.185	28.884	29.934	23.131		5.753	24.87		
712-1645	193	4.5	16	4	39.316	32.015	32.753	25.950		6.065	23.37		
712-1646	193	5.5	16	4	38.894	31.593	32.759	25.956		5.637	21.72	24.82	
712-1651	193	0.5	16	5	33.406	26.105	28.421	21.618		4.487	20.76		
712-1652	193	1.5	16	5	41.687	34.386	35.276	28.473		5.913	20.77		
712-1653	193	2.5	16	5	40.531	33.230	34.074	27.271		5.959	21.85		
712-1654	193	3.5	16	5	43.891	36.590	36.670	29.867		6.723	22.51		
712-1655	193	4.5	16	5	46.518	39.217	39.026	32.223		6.994	21.71		
712-1656	193	5.5	16	5	42.381	35.080	35.654	28.851		6.229	21.59	21.53	
712-1661	193	0.5	16	6	29.951	22.650	24.343	17.540		5.110	29.14		
712-1662	193	1.5	16	6	32.534	25.233	26.574	19.771		5.462	27.63		
712-1663	193	2.5	16	6	36.364	29.063	29.402	22.599		6.464	28.60		
712-1664	193	3.5	16	6	35.180	27.879	28.392	21.589		6.290	29.14		
712-1665	193	4.5	16	6	36.743	29.442	29.722	22.919		6.523	28.46		
712-1666	193	5.5	16	6	31.470	24.169	25.267	18.464		5.705	30.90	28.98	
Daily average			16		39.551	32.250	33.306	26.503		5.747	22.237		

