Initial weight (g)	Dry weight (g)	Change (g)
7.206	6.683	0.523
7.059	6.546	0.513
7.056	6.583	0.473
7.186	6.704	0.482
7.179	6.818	0.361
7.272	6.707	0.565
7.458	6.993	0.465
7.456	6.966	0.49
7.403	6.967	0.436
7.374	6.974	0.4
7.341	6.863	0.478
7.32	6.823	0.497
7.387	6.953	0.434
7.481	6.959	0.522
7.416	6.938	0.478
7.373	6.827	0.546
7.386	6.836	0.55
7.24	6.698	0.542
7.151	6.758	0.393
7.153	6.752	0.401
7.244	6.843	0.401
7.292	6.825	0.467
7.291	6.764	0.527
7.315	6.703	0.612
7.265	6.634	0.631
7.145	6.668	0.477
7.191	6.934	0.257
7.355	6.774	0.581
7.465	6.984	0.481
7.511	6.974	0.537
7.488	7.002	0.486
7.365	6.879	0.486
7.237	6.765	0.472
7.154	6.654	0.5
7.169	6.638	0.531
7.122	6.628	0.494
7.126	6.6	0.526
7.195	6.641	0.554
7.262	6.742	0.52
7.561	7.024	0.537
7.562	7.065	0.497
7.521	6.932	0.589
7.498	6.922	0.576
7.184	6.656	0.528
7.312	6.807	0.505
7.276	6.721	0.555
7.248	6.689	0.559
7.306	6.791	0.515
7.23	6.739	0.491
7.262	6.818	0.444
Means		
7.301	6.803	0.498
		
		
