Sample ID	Day of Year	Depth	Wet weight	Wet soil weight	Dry weight	Net dry weight of soil	Weight H2O	GSM		Bulk Density		Bulk densities by layer:							
		(cm)	(g)	(g)	(g)	(g)	(g)	(%)		(g/cm3)		Day of Year	0.5 cm	1.5 cm	2.5 cm	3.5 cm	4.5 cm	5.5 cm	
716-2431	197	0.5	34.921	27.620	31.497	24.694	2.926	11.85		1.078		197	1.078	1.076	1.013	1.162	1.180	1.302	
716-2432	197	1.5	35.158	27.857	31.442	24.639	3.218	13.06		1.076		198	1.198	1.193	1.248	1.255	1.242	1.067	
716-2433	197	2.5	33.743	26.442	30.003	23.200	3.242	13.98		1.013		199	0.998	0.895	1.011	1.075	1.292	1.025	
716-2434	197	3.5	37.705	30.404	33.408	26.605	3.799	14.28		1.162		199	1.015	1.114	1.245	1.193	1.182	1.217	
716-2435	197	4.5	38.187	30.886	33.827	27.024	3.862	14.29		1.180		200	1.235	1.188	1.136	1.100	1.111	1.068	
716-2436	197	5.5	41.492	34.191	36.632	29.829	4.362	14.62		1.302		200	1.188	1.225	1.108	1.172	1.395	1.275	
									Core Mean -->	1.135		Means	1.119	1.115	1.127	1.159	1.234	1.159	1.152
																			
717-3431	198	0.5	39.242	31.941	34.25	27.447	4.494	16.37		1.198									
717-3432	198	1.5	39.098	31.797	34.119	27.316	4.481	16.41		1.193									
717-3433	198	2.5	40.43	33.129	35.374	28.571	4.558	15.95		1.248									
717-3434	198	3.5	40.638	33.337	35.546	28.743	4.594	15.98		1.255									
717-3435	198	4.5	40.255	32.954	35.241	28.438	4.516	15.88		1.242									
717-3436	198	5.5	35.479	28.178	31.246	24.443	3.735	15.28		1.067									
									Core Mean -->	1.200		
												
718-2411	199	0.5	32.095	24.794	29.661	22.858	1.936	8.47		0.998		
718-2412	199	1.5	30.388	23.087	27.305	20.502	2.585	12.61		0.895		
718-2413	199	2.5	34.015	26.714	29.96	23.157	3.557	15.36		1.011		
718-2414	199	3.5	35.911	28.610	31.431	24.628	3.982	16.17		1.075		
718-2415	199	4.5	41.654	34.353	36.404	29.601	4.752	16.05		1.292		
718-2416	199	5.5	34.365	27.064	30.268	23.465	3.599	15.34		1.025		
									Core Mean -->	1.049		
												
718-3431	199	0.5	32.739	25.438	30.057	23.254	2.184	9.39		1.015		
718-3432	199	1.5	35.748	28.447	32.322	25.519	2.928	11.48		1.114		
718-3433	199	2.5	39.739	32.438	35.325	28.522	3.916	13.73		1.245		
718-3434	199	3.5	38.443	31.142	34.129	27.326	3.816	13.97		1.193		
718-3435	199	4.5	38.303	31.002	33.871	27.068	3.934	14.54		1.182		
718-3436	199	5.5	39.41	32.109	34.683	27.880	4.229	15.17		1.217		
									Core Mean -->	1.161		
												
719-2411	200	0.5	38.02	30.719	35.091	28.288	2.431	8.59		1.235		
719-2412	200	1.5	37.419	30.118	34.003	27.200	2.918	10.73		1.188		
719-2413	200	2.5	36.512	29.211	32.817	26.014	3.197	12.29		1.136		
719-2414	200	3.5	35.855	28.554	31.99	25.187	3.367	13.37		1.100		
719-2415	200	4.5	36.202	28.901	32.252	25.449	3.452	13.57		1.111		
719-2416	200	5.5	35.019	27.718	31.256	24.453	3.265	13.35		1.068		
									Core Mean -->	1.140		
												
719-3431	200	0.5	36.825	29.524	34.015	27.212	2.312	8.50		1.188		
719-3432	200	1.5	38.396	31.095	34.867	28.064	3.031	10.80		1.225		
719-3433	200	2.5	35.555	28.254	32.17	25.367	2.887	11.38		1.108		
719-3434	200	3.5	37.354	30.053	33.642	26.839	3.214	11.98		1.172		
719-3435	200	4.5	43.493	36.192	38.747	31.944	4.248	13.30		1.395		
719-3436	200	5.5	40.188	32.887	36.005	29.202	3.685	12.62		1.275		
									Core Mean -->	1.227

										
										
