Day of Year	Location # -->	1	2	3	4	5	6		Depth (cm)-->	0.5	1.5	2.5	3.5	4.5	5.5	0-6 cm mean	
176		6.07	6.95	6.50	9.20	7.92	10.34			2.74	3.26	6.00	10.79	11.76	11.91	7.74	
177		5.82	5.59	5.90	5.82	6.02	8.97			3.03	3.42	5.21	7.80	9.84	8.82	6.35	
178		5.00	3.87	6.25	5.99	6.91	9.49			3.39	3.29	5.82	6.82	9.04	9.57	6.32	
179		4.17	6.30	5.80	9.01	6.39	8.58			3.82	4.30	5.48	7.59	8.98	8.88	6.51	
182		2.97	4.24	3.22	5.59	4.43	6.69			2.36	2.56	3.40	5.49	6.71	7.58	4.68	
186		15.29	14.16	12.52	19.54	18.09	18.87			18.43	17.59	17.94	18.01	14.59	11.72	16.38	
187		14.30	15.81	13.75	20.67	19.15	24.49			19.18	19.04	18.89	18.36	17.65	15.04	18.03	
188		17.86	15.45	18.56	23.32	22.05	24.21			22.30	22.03	21.35	20.40	18.47	16.91	20.24	
189		15.15	14.34	15.29	19.78	17.26	19.84			15.95	17.50	17.72	17.14	17.97	15.39	16.94	
190		10.07	9.86	10.87	13.90	14.22	15.75			7.54	11.49	13.95	14.21	14.26	13.22	12.45	
191		26.37	24.65	25.12						31.30	25.49	25.15	23.95	23.67	22.71	25.38	
192		21.77	21.40	22.08	32.04	24.53	30.69			28.20	25.95	26.04	25.05	24.62	22.67	25.42	
193		20.15	18.53	19.41	24.82	21.53	28.98			23.79	21.96	21.97	22.50	21.74	21.45	22.24	
Mean		12.69	12.40	12.71	15.81	14.04	17.24			14.00	13.68	14.53	15.24	15.33	14.30	14.51	
																	
																	
																	
																	
																	
																	
																	
																	
																	
																	
																	
																	
																	
																	
																	
																	
																	
																	
																	
																	
																	
																	
																	
																	
																	
																	
																	
																	
																	
																	
																	
																	
																	
			
			
			
			
			
			
			
			
			
			
			
			
			
			
			
			
																	
																	
																	
																	
																	
																	
																	
																	
																	
																	
																	
																	
																	
																	
																	
																	
																	
																	
																	
																	
																	
																	
																	
																	
																	
																	
																	
																	
																	
																	
																	
																	
																	
																	
																	
																	
																	
																	
																	
																	
																	
																	
																	
																	
																	
																	
																	
																	
																	
																	
																	
																	
																	
																	
																	
																	
																	
																	
																	
																	
																	
																	
																	
																	
																	
																	
																	
																	
																	
																	
																	
																	
																	
																	
																	
																	
																	
																	
																	
																	
			
			
			
			
			
			
			
			
			
			
			
			
			
			
			
			
																	
																	
																	
																	
																	
																	
																	
																	
																	
																	
																	
																	
																	
																	
																	
																	
																	
																	
																	
																	
																	
																	
																	
																	
																	
																	
																	
																	
																	
																	
																	
																	
																	
																	
																	
																	
																	
																	
																	
																	
																	
																	
																	
																	
																	
																	
																	
																	
																	
																	
																	
																	
																	
																	
																	
																	
																	
																	
																	
																	
																	
																	
																	
																	
																	
																	
																	
																	
																	
																	
																	
																	
																	
																	
																	
																	
																	
																	
																	
																	
																	
																	
																	
																	
																	
																	
																	
																	
																	
																	
																	
																	
																	
																	
																	
																	
																	
																	
																	
																	
																	
																	
																	
																	
																	
																	
																	
																	
																	
																	
																	
																	
																	
																	
																	
																	
																	
																	
																	
																	
																	
																	
																	
																	
																	
																	
																	
																	
																	
																	
																	
																	
																	
																	
																	
																	
																	
																	
																	
																	
																	
																	
																	
																	
																	
																	
																	
																	
																	
																	
																	
																	
																	
																	
																	
																	
																	
																	
																	
																	
																	
																	
																	
																	
																	
																	
																	
																	
																	
																	
																	
																	
																	
																	
																	
																	
																	
																	
																	
																	
																	
																	
																	
																	
																	
																	
																	
																	
																	
																	
																	
																	
																	
																	
																	
																	
																	
																	
																	
																	
																	
																	
