Sample ID	Day of Year	Depth	Site	Location	Wet weight	Wet soil weight	Dry weight	Net dry weight of soil	Dry tare weight	Weight H2O	GSM	Core Mean									
		(cm)			(g)	(g)	(g)	(g)	(g)	(g)	(%)	GSM (%)									
625-2411	176	0.5	24	1	31.837	24.536	30.742	23.939	6.803	0.597	2.50										
625-2412	176	1.5	24	1	42.342	35.041	39.404	32.601	6.803	2.440	7.49										
625-2413	176	2.5	24	1	37.817	30.516	34.706	27.903	6.803	2.613	9.37										
625-2414	176	3.5	24	1	51.892	44.591	46.602	39.799	6.803	4.792	12.04										
625-2415	176	4.5	24	1	47.623	40.322	42.937	36.134	6.803	4.188	11.59										
625-2416	176	5.5	24	1	45.791	38.490	41.239	34.436	6.803	4.054	11.77	9.13									
625-2421	176	0.5	24	2	32.729	25.428	31.383	24.580	6.803	0.848	3.45										
625-2422	176	1.5	24	2	37.483	30.182	34.994	28.191	6.803	1.991	7.06										
625-2423	176	2.5	24	2	43.354	36.053	39.095	32.292	6.803	3.761	11.65										
625-2424	176	3.5	24	2	35.674	28.373	32.316	25.513	6.803	2.860	11.21										
625-2425	176	4.5	24	2	51.957	44.656	46.297	39.494	6.803	5.162	13.07										
625-2426	176	5.5	24	2	41.193	33.892	37.470	30.667	6.803	3.225	10.52	9.49									
625-2431	176	0.5	24	3	27.908	20.607	27.022	20.219	6.803	0.388	1.92										
625-2432	176	1.5	24	3	39.730	32.429	37.508	30.705	6.803	1.724	5.62										
625-2433	176	2.5	24	3	40.789	33.488	37.705	30.902	6.803	2.586	8.37		
625-2434	176	3.5	24	3	38.108	30.807	35.111	28.308	6.803	2.499	8.83		
625-2435	176	4.5	24	3	35.011	27.710	32.448	25.645	6.803	2.065	8.05		
625-2436	176	5.5	24	3	37.234	29.933	34.378	27.575	6.803	2.358	8.55	6.89	
625-2441	176	0.5	24	4	31.905	24.604	30.775	23.972	6.803	0.632	2.64		
625-2442	176	1.5	24	4	23.062	15.761	21.975	15.172	6.803	0.589	3.88		
625-2443	176	2.5	24	4	37.178	29.877	34.677	27.874	6.803	2.003	7.19		
625-2444	176	3.5	24	4	39.425	32.124	36.212	29.409	6.803	2.715	9.23		
625-2445	176	4.5	24	4	46.595	39.294	41.901	35.098	6.803	4.196	11.96		
625-2446	176	5.5	24	4	39.451	32.150	36.350	29.547	6.803	2.603	8.81	7.28	
625-2451	176	0.5	24	5	33.428	26.127	32.120	25.317	6.803	0.810	3.20		
625-2452	176	1.5	24	5	39.686	32.385	36.459	29.656	6.803	2.729	9.20		
625-2453	176	2.5	24	5	41.962	34.661	37.981	31.178	6.803	3.483	11.17		
625-2454	176	3.5	24	5	41.898	34.597	37.780	30.977	6.803	3.620	11.69		
625-2455	176	4.5	24	5	36.816	29.515	33.014	26.211	6.803	3.304	12.61		
625-2456	176	5.5	24	5	43.265	35.964	38.749	31.946	6.803	4.018	12.58	10.07	
625-2461	176	0.5	24	6	26.540	19.239	25.461	18.658	6.803	0.581	3.12		
625-2462	176	1.5	24	6	39.565	32.264	35.985	29.182	6.803	3.082	10.56		
625-2463	176	2.5	24	6	37.594	30.293	34.255	27.452	6.803	2.841	10.35		
625-2464	176	3.5	24	6	49.092	41.791	43.936	37.133	6.803	4.658	12.55		
625-2465	176	4.5	24	6	44.781	37.480	40.206	33.403	6.803	4.077	12.21		
625-2466	176	5.5	24	6	45.165	37.864	40.665	33.862	6.803	4.002	11.82	10.10	
Daily average			24		39.330	32.029	36.107	29.304	6.803	2.725	8.828		
626-2411	177	0.5	24	1	33.109	25.808	31.553	24.750	6.803	1.058	4.28		
626-2412	177	1.5	24	1	38.109	30.808	34.759	27.956	6.803	2.852	10.20		
626-2413	177	2.5	24	1	37.352	30.051	33.438	26.635	6.803	3.416	12.83		
626-2414	177	3.5	24	1	41.306	34.005	36.713	29.910	6.803	4.095	13.69		
626-2415	177	4.5	24	1	43.437	36.136	38.432	31.629	6.803	4.507	14.25		
626-2416	177	5.5	24	1	38.655	31.354	34.730	27.927	6.803	3.427	12.27	11.25	
626-2421	177	0.5	24	2	29.295	21.994	28.167	21.364	6.803	0.630	2.95		
626-2422	177	1.5	24	2	28.519	21.218	27.159	20.356	6.803	0.862	4.24		
626-2423	177	2.5	24	2	35.472	28.171	33.265	26.462	6.803	1.709	6.46		
626-2424	177	3.5	24	2	37.018	29.717	33.828	27.025	6.803	2.692	9.96		
626-2425	177	4.5	24	2	35.810	28.509	32.479	25.676	6.803	2.833	11.03		
626-2426	177	5.5	24	2	37.636	30.335	34.312	27.509	6.803	2.826	10.27	7.49	
626-2431	177	0.5	24	3	35.128	27.827	33.693	26.890	6.803	0.937	3.49		
626-2432	177	1.5	24	3	38.795	31.494	36.207	29.404	6.803	2.090	7.11		
626-2433	177	2.5	24	3	41.596	34.295	37.787	30.984	6.803	3.311	10.69		
626-2434	177	3.5	24	3	45.108	37.807	40.633	33.830	6.803	3.977	11.76		
626-2435	177	4.5	24	3	46.031	38.730	41.591	34.788	6.803	3.942	11.33		
626-2436	177	5.5	24	3	45.689	38.388	41.105	34.302	6.803	4.086	11.91	9.38	
626-2441	177	0.5	24	4	33.412	26.111	31.806	25.003	6.803	1.108	4.43		
626-2442	177	1.5	24	4	37.303	30.002	34.689	27.886	6.803	2.116	7.59		
626-2443	177	2.5	24	4	42.765	35.464	38.637	31.834	6.803	3.630	11.40		
626-2444	177	3.5	24	4	40.700	33.399	36.307	29.504	6.803	3.895	13.20		
626-2445	177	4.5	24	4	47.399	40.098	42.151	35.348	6.803	4.750	13.44		
626-2446	177	5.5	24	4	43.774	36.473	38.776	31.973	6.803	4.500	14.08	10.69	
626-2451	177	0.5	24	5	29.531	22.230	28.141	21.338	6.803	0.892	4.18		
626-2452	177	1.5	24	5	34.196	26.895	32.115	25.312	6.803	1.583	6.26				
626-2453	177	2.5	24	5	31.015	23.714	28.660	21.857	6.803	1.857	8.50				
626-2454	177	3.5	24	5	35.987	28.686	32.650	25.847	6.803	2.839	10.99				
626-2455	177	4.5	24	5	33.019	25.718	29.724	22.921	6.803	2.797	12.20				
626-2456	177	5.5	24	5	40.588	33.287	36.471	29.668	6.803	3.619	12.20	9.05			
626-2461	177	0.5	24	6	33.532	26.231	31.973	25.170	6.803	1.061	4.22				
626-2462	177	1.5	24	6	32.556	25.255	30.981	24.178	6.803	1.077	4.46				
626-2463	177	2.5	24	6	35.801	28.500	33.575	26.772	6.803	1.728	6.46				
626-2464	177	3.5	24	6	33.267	25.966	30.588	23.785	6.803	2.181	9.17				
626-2465	177	4.5	24	6	42.345	35.044	38.292	31.489	6.803	3.555	11.29				
626-2466	177	5.5	24	6	34.956	27.655	31.901	25.098	6.803	2.557	10.19	7.63			
Daily average			24		37.506	30.205	34.369	27.566		2.639	9.249				
627-2411	178	0.5	24	1	33.195	25.894	31.991	25.188		0.706	2.80				
627-2412	178	1.5	24	1	36.721	29.420	34.730	27.927		1.493	5.35				
627-2413	178	2.5	24	1	40.281	32.980	36.850	30.047		2.933	9.76				
627-2414	178	3.5	24	1	36.194	28.893	32.670	25.867		3.026	11.70				
627-2415	178	4.5	24	1	39.185	31.884	34.974	28.171		3.713	13.18				
627-2416	178	5.5	24	1	40.507	33.206	36.590	29.787		3.419	11.48	9.05			
627-2421	178	0.5	24	2	35.386	28.085	33.977	27.174		0.911	3.35				
627-2422	178	1.5	24	2	35.947	28.646	33.838	27.035		1.611	5.96				
627-2423	178	2.5	24	2	43.195	35.894	39.623	32.820		3.074	9.37				
627-2424	178	3.5	24	2	38.652	31.351	35.257	28.454		2.897	10.18				
627-2425	178	4.5	24	2	35.915	28.614	32.542	25.739		2.875	11.17				
627-2426	178	5.5	24	2	43.616	36.315	39.145	32.342		3.973	12.29	8.72			
627-2431	178	0.5	24	3	32.590	25.289	30.845	24.042		1.247	5.19				
627-2432	178	1.5	24	3	52.865	45.564	47.346	40.543		5.021	12.39				
627-2433	178	2.5	24	3	34.988	27.687	31.396	24.593		3.094	12.58				
627-2434	178	3.5	24	3	55.031	47.730	48.679	41.876		5.854	13.98				
627-2435	178	4.5	24	3	42.615	35.314	37.923	31.120		4.194	13.48				
627-2436	178	5.5	24	3	49.046	41.745	43.582	36.779		4.966	13.50	11.85			
627-2441	178	0.5	24	4	28.985	21.684	27.788	20.985		0.699	3.33				
627-2442	178	1.5	24	4	39.371	32.070	37.201	30.398		1.672	5.50				
627-2443	178	2.5	24	4	39.187	31.886	35.985	29.182		2.704	9.27				
627-2444	178	3.5	24	4	36.858	29.557	33.260	26.457		3.100	11.72				
627-2445	178	4.5	24	4	41.130	33.829	36.44	29.637		4.192	14.15				
627-2446	178	5.5	24	4	50.169	42.868	44.318	37.515		5.353	14.27	9.71			
627-2451	178	0.5	24	5	34.289	26.988	33.250	26.447		0.541	2.05				
627-2452	178	1.5	24	5	33.635	26.334	32.077	25.274		1.060	4.20				
627-2453	178	2.5	24	5	53.555	46.254	50.097	43.294		2.960	6.84				
627-2454	178	3.5	24	5	39.783	32.482	36.795	29.992		2.490	8.30				
627-2455	178	4.5	24	5	33.162	25.861	30.652	23.849		2.012	8.44				
627-2456	178	5.5	24	5	47.615	40.314	43.503	36.700		3.614	9.85	6.61			
627-2461	178	0.5	24	6	23.644	16.343	22.132	15.329		1.014	6.62				
627-2462	178	1.5	24	6	32.106	24.805	29.341	22.538		2.267	10.06				
627-2463	178	2.5	24	6	36.454	29.153	33.004	26.201		2.952	11.27				
627-2464	178	3.5	24	6	43.424	36.123	38.929	32.126		3.997	12.44				
627-2465	178	4.5	24	6	50.631	43.330	45.033	38.230		5.100	13.34				
627-2466	178	5.5	24	6	48.765	41.464	43.388	36.585		4.879	13.34	11.18			
Daily average			24		39.964	32.663	36.532	29.729		2.934	9.519		
628-2411	179	0.5	24	1	31.316	24.015	29.661	22.858		1.157	5.06		
628-2412	179	1.5	24	1	35.109	27.808	32.228	25.425		2.383	9.37		
628-2413	179	2.5	24	1	37.402	30.101	33.682	26.879		3.222	11.99		
628-2414	179	3.5	24	1	38.726	31.425	34.821	28.018		3.407	12.16		
628-2415	179	4.5	24	1	32.312	25.011	29.145	22.342		2.669	11.95		
628-2416	179	5.5	24	1	37.593	30.292	33.710	26.907		3.385	12.58	10.52	
628-2421	179	0.5	24	2	30.220	22.919	29.055	22.252		0.667	3.00		
628-2422	179	1.5	24	2	50.715	43.414	48.090	41.287		2.127	5.15		
628-2423	179	2.5	24	2	27.970	20.669	26.160	19.357		1.312	6.78		
628-2424	179	3.5	24	2	51.311	44.010	46.754	39.951		4.059	10.16		
628-2425	179	4.5	24	2	31.795	24.494	29.060	22.257		2.237	10.05		
628-2426	179	5.5	24	2	37.817	30.516	34.313	27.510		3.006	10.93	7.68	
628-2431	179	0.5	24	3	36.066	28.765	34.470	27.667		1.098	3.97		
628-2432	179	1.5	24	3	44.662	37.361	40.591	33.788		3.573	10.58		
628-2433	179	2.5	24	3	42.644	35.343	38.423	31.620		3.723	11.78		
628-2434	179	3.5	24	3	39.880	32.579	35.355	28.552		4.027	14.11		
628-2435	179	4.5	24	3	43.107	35.806	38.112	31.309		4.497	14.36		
628-2436	179	5.5	24	3	37.791	30.490	33.62	26.817		3.673	13.70	11.41	
628-2441	179	0.5	24	4	27.448	20.147	26.308	19.505		0.642	3.29		
628-2442	179	1.5	24	4	34.180	26.879	32.389	25.586		1.293	5.05		
628-2443	179	2.5	24	4	30.050	22.749	28.206	21.403		1.346	6.29		
628-2444	179	3.5	24	4	33.180	25.879	30.382	23.579		2.300	9.76		
628-2445	179	4.5	24	4	34.993	27.692	31.459	24.656		3.036	12.31		
628-2446	179	5.5	24	4	51.731	44.430	46.974	40.171		4.259	10.60	7.89	
628-2451	179	0.5	24	5	35.020	27.719	33.415	26.612		1.107	4.16		
628-2452	179	1.5	24	5	38.208	30.907	35.636	28.833		2.074	7.19		
628-2453	179	2.5	24	5	47.636	40.335	43.644	36.841		3.494	9.48		
628-2454	179	3.5	24	5	34.459	27.158	31.475	24.672		2.486	10.08		
628-2455	179	4.5	24	5	58.223	50.922	52.381	45.578		5.344	11.73		
628-2456	179	5.5	24	5	41.794	34.493	37.823	31.020		3.473	11.20	8.97	
628-2461	179	0.5	24	6	28.488	21.187	27.132	20.329		0.858	4.22		
628-2462	179	1.5	24	6	43.534	36.233	40.957	34.154		2.079	6.09		
628-2463	179	2.5	24	6	24.979	17.678	23.255	16.452		1.226	7.45		
628-2464	179	3.5	24	6	38.309	31.008	34.987	28.184		2.824	10.02		
628-2465	179	4.5	24	6	41.323	34.022	37.427	30.624		3.398	11.10		
628-2466	179	5.5	24	6	44.976	37.675	40.605	33.802		3.873	11.46	8.39	
Daily average			24		38.194	30.893	35.047	28.244		2.648	9.144		
701-2411	182	0.5	24	1	27.062	19.761	25.836	19.033		0.728	3.83		
701-2412	182	1.5	24	1	27.388	20.087	26.177	19.374		0.713	3.68		
701-2413	182	2.5	24	1	42.722	35.421	38.419	31.616		3.805	12.04		
701-2414	182	3.5	24	1	41.28	33.979	37.898	31.095		2.884	9.28		
701-2415	182	4.5	24	1	38.286	30.985	35.082	28.279		2.706	9.57		
701-2416	182	5.5	24	1	36.523	29.222	33.639	26.836		2.386	8.89	7.88	
701-2421	182	0.5	24	2	32.56	25.259	31.069	24.266		0.993	4.09		
701-2422	182	1.5	24	2	43.677	36.376	41.345	34.542		1.834	5.31		
701-2423	182	2.5	24	2	47.059	39.758	43.634	36.831		2.927	7.95		
701-2424	182	3.5	24	2	46.836	39.535	42.78	35.977		3.558	9.89		
701-2425	182	4.5	24	2	50.828	43.527	46.246	39.443		4.084	10.36		
701-2426	182	5.5	24	2	27.747	20.446	25.899	19.096		1.350	7.07	7.44	
701-2431	182	0.5	24	3	37.278	29.977	35.085	28.282		1.695	5.99		
701-2432	182	1.5	24	3	33.353	26.052	32.143	25.340		0.712	2.81		
701-2433	182	2.5	24	3	29.432	22.131	28.38	21.577		0.554	2.57		
701-2434	182	3.5	24	3	33.145	25.844	31.73	24.927		0.917	3.68		
701-2435	182	4.5	24	3	31.888	24.587	29.948	23.145		1.442	6.23		
701-2436	182	5.5	24	3	33.186	25.885	31.093	24.290		1.595	6.57	4.64	
701-2441	182	0.5	24	4	29.296	21.995	28.059	21.256		0.739	3.48		
701-2442	182	1.5	24	4	35.575	28.274	34.25	27.447		0.827	3.01		
701-2443	182	2.5	24	4	29.715	22.414	28.417	21.614		0.800	3.70		
701-2444	182	3.5	24	4	28.571	21.270	27.099	20.296		0.974	4.80		
701-2445	182	4.5	24	4	27.056	19.755	25.437	18.634		1.121	6.02		
701-2446	182	5.5	24	4	37.439	30.138	34.589	27.786		2.352	8.47	4.91	
701-2451	182	0.5	24	5	34.564	27.263	33.2	26.397		0.866	3.28		
701-2452	182	1.5	24	5	35.809	28.508	34.556	27.753		0.755	2.72		
701-2453	182	2.5	24	5	34.154	26.853	32.348	25.545		1.308	5.12		
701-2454	182	3.5	24	5	36.616	29.315	34.384	27.581		1.734	6.29		
701-2455	182	4.5	24	5	40.701	33.400	37.682	30.879		2.521	8.17		
701-2456	182	5.5	24	5	28.973	21.672	27.226	20.423		1.249	6.12	5.28	
701-2461	182	0.5	24	6	35.616	28.315	34.451	27.648		0.667	2.41		
701-2462	182	1.5	24	6	32.328	25.027	31.044	24.241		0.786	3.24		
701-2463	182	2.5	24	6	36.377	29.076	34.284	27.481		1.595	5.81		
701-2464	182	3.5	24	6	31.186	23.885	29.018	22.215		1.670	7.52		
701-2465	182	4.5	24	6	35.201	27.900	32.367	25.564		2.336	9.14		
701-2466	182	5.5	24	6	42.345	35.044	39.152	32.349		2.695	8.33	6.08	
Daily average			24		35.327	28.026	33.166	26.362		1.664	6.040		
702-2311	183	0.5	24		28.112	20.811	27.397	20.594		0.217	1.06		
702-2312	183	1.5	24		30.556	23.255	29.483	22.680		0.575	2.54		
702-2313	183	2.5	24		30.940	23.639	29.608	22.805		0.834	3.66		
702-2314	183	3.5	24		34.310	27.009	32.233	25.430		1.579	6.21		
702-2315	183	4.5	24		32.306	25.005	29.754	22.951		2.054	8.95		
702-2316	183	5.5	24		34.516	27.215	31.941	25.138		2.077	8.26	5.11	
702-2321	183	0.5	24		29.970	22.669	29.01	22.207		0.462	2.08		
702-2322	183	1.5	24		28.325	21.024	27.221	20.418		0.606	2.97		
702-2323	183	2.5	24		18.251	10.950	17.408	10.605		0.345	3.26		
702-2324	183	3.5	24		29.380	22.079	27.746	20.943		1.136	5.43		
702-2325	183	4.5	24		34.809	27.508	32.493	25.690		1.818	7.08		
702-2326	183	5.5	24		37.731	30.430	34.961	28.158		2.272	8.07	4.81	
702-2331	183	0.5	24		34.701	27.400	33.424	26.621		0.779	2.93		
702-2332	183	1.5	24		35.237	27.936	33.569	26.766		1.170	4.37		
702-2333	183	2.5	24		43.664	36.363	40.919	34.116		2.247	6.59		
702-2334	183	3.5	24		42.395	35.094	39.238	32.435		2.659	8.20		
702-2335	183	4.5	24		29.197	21.896	27.037	20.234		1.662	8.22		
702-2336	183	5.5	24		41.143	33.842	37.838	31.035		2.807	9.05	6.56	
702-2341	183	0.5	24		25.075	17.774	24.368	17.565		0.209	1.19		
702-2342	183	1.5	24		28.972	21.671	27.77	20.967		0.704	3.36		
702-2343	183	2.5	24		34.128	26.827	31.983	25.180		1.647	6.54		
702-2344	183	3.5	24		36.232	28.931	33.192	26.389		2.542	9.63		
702-2345	183	4.5	24		37.433	30.132	33.944	27.141		2.991	11.02		
702-2346	183	5.5	24		38.902	31.601	35.371	28.568		3.033	10.62	7.06	
702-2351	183	0.5	24		35.821	28.520	34.787	27.984		0.536	1.92		
702-2352	183	1.5	24		34.506	27.205	32.74	25.937		1.268	4.89		
702-2353	183	2.5	24		37.126	29.825	34.966	28.163		1.662	5.90		
702-2354	183	3.5	24		36.003	28.702	33.248	26.445		2.257	8.54		
702-2355	183	4.5	24		40.565	33.264	37.263	30.460		2.804	9.21		
702-2356	183	5.5	24		49.971	42.670	45.241	38.438		4.232	11.01	6.91	
702-2361	183	0.5	24		33.497	26.196	32.142	25.339		0.857	3.38		
702-2362	183	1.5	24		38.184	30.883	36.125	29.322		1.561	5.32		
702-2363	183	2.5	24		43.066	35.765	40.068	33.265		2.500	7.52		
702-2364	183	3.5	24		28.946	21.645	26.717	19.914		1.731	8.69		
702-2365	183	4.5	24		53.010	45.709	47.883	41.080		4.629	11.27		
702-2366	183	5.5	24		38.341	31.040	35.274	28.471		2.569	9.02	7.54	
702-2411	183	0.5	24		28.169	20.868	24.481	17.678		X	X	double-checked dry wt; wet wt seems bad	
702-2412	183	1.5	24		23.342	16.041	22.68	15.877		0.164	1.03		
702-2413	183	2.5	24		28.728	21.427	27.721	20.918		0.509	2.43		
702-2414	183	3.5	24		35.419	28.118	33.495	26.692		1.426	5.34		
702-2415	183	4.5	24		33.679	26.378	31.778	24.975		1.403	5.62		
702-2416	183	5.5	24		35.437	28.136	33.37	26.567		1.569	5.91	4.07	
702-2421	183	0.5	24		29.478	22.177	28.683	21.880		0.297	1.36		
702-2422	183	1.5	24		25.929	18.628	24.991	18.188		0.440	2.42		
702-2423	183	2.5	24		36.035	28.734	34.549	27.746		0.988	3.56		
702-2424	183	3.5	24		38.546	31.245	36.52	29.717		1.528	5.14		
702-2425	183	4.5	24		37.449	30.148	35.158	28.355		1.793	6.32		
702-2426	183	5.5	24		35.740	28.439	33.539	26.736		1.703	6.37	4.20	
702-2431	183	0.5	24		32.239	24.938	31.26	24.457		0.481	1.97		
702-2432	183	1.5	24		42.602	35.301	40.767	33.964		1.337	3.94		
702-2433	183	2.5	24		47.192	39.891	44.423	37.620		2.271	6.04		
702-2434	183	3.5	24		42.502	35.201	39.718	32.915		2.286	6.95		
702-2435	183	4.5	24		40.543	33.242	37.022	30.219		3.023	10.00		
702-2436	183	5.5	24		36.191	28.890	33.876	27.073		1.817	6.71	5.93	
702-2441	183	0.5	24		31.854	24.553	30.715	23.912		0.641	2.68		
702-2442	183	1.5	24		25.880	18.579	24.425	17.622		0.957	5.43		
702-2443	183	2.5	24		20.841	13.540	19.639	12.836		0.704	5.49		
702-2444	183	3.5	24		27.369	20.068	25.341	18.538		1.530	8.26		
702-2445	183	4.5	24		34.936	27.635	31.852	25.049		2.586	10.33		
702-2446	183	5.5	24		32.329	25.028	29.544	22.741		2.287	10.06	7.04	
702-2451	183	0.5	24		30.907	23.606	29.631	22.828		0.778	3.41		
702-2452	183	1.5	24		29.738	22.437	28.625	21.822		0.615	2.82		
702-2453	183	2.5	24		30.237	22.936	28.963	22.160		0.776	3.50		
702-2454	183	3.5	24		42.410	35.109	39.886	33.083		2.026	6.12		
702-2455	183	4.5	24		33.748	26.447	31.49	24.687		1.760	7.13		
702-2456	183	5.5	24		40.277	32.976	37.273	30.470		2.506	8.23	5.20	
702-2461	183	0.5	24		29.795	22.494	28.622	21.819		0.675	3.10		
702-2462	183	1.5	24		39.826	32.525	37.851	31.048		1.477	4.76		
702-2463	183	2.5	24		38.495	31.194	35.946	29.143		2.051	7.04		
702-2464	183	3.5	24		35.729	28.428	32.982	26.179		2.249	8.59		
702-2465	183	4.5	24		43.971	36.670	39.854	33.051		3.619	10.95		
702-2466	183	5.5	24		41.030	33.729	37.464	30.661		3.068	10.01	7.41	
Daily average	183		24		34.405	27.104	32.337	25.534		1.524	5.686		
703-2411	184	0.5	24		38.115	30.814	36.778	29.975		0.839	2.80		
703-2412	184	1.5	24		30.951	23.650	29.729	22.926		0.724	3.16		
703-2413	184	2.5	24		39.213	31.912	37.26	30.457		1.455	4.78		
703-2414	184	3.5	24		39.563	32.262	37.228	30.425		1.837	6.04		
703-2415	184	4.5	24		42.669	35.368	39.739	32.936		2.432	7.38		
703-2416	184	5.5	24		35.980	28.679	33.469	26.666		2.013	7.55	5.29	
703-2421	184	0.5	24		31.001	23.700	29.832	23.029		0.671	2.92		
703-2422	184	1.5	24		39.210	31.909	37.686	30.883		1.026	3.32		
703-2423	184	2.5	24		32.296	24.995	30.656	23.853		1.142	4.79		
703-2424	184	3.5	24		44.718	37.417	41.841	35.038		2.379	6.79		
703-2425	184	4.5	24		41.511	34.210	38.264	31.461		2.749	8.74		
703-2426	184	5.5	24		38.101	30.800	35.26	28.457		2.343	8.23	5.80	
703-2431	184	0.5	24		27.314	20.013	26.137	19.334		0.679	3.51		
703-2432	184	1.5	24		35.329	28.028	34.023	27.220		0.808	2.97		
703-2433	184	2.5	24		41.053	33.752	38.977	32.174		1.578	4.91		
703-2434	184	3.5	24		42.359	35.058	39.5	32.697		2.361	7.22		
703-2435	184	4.5	24		37.594	30.293	34.207	27.404		2.889	10.54		
703-2436	184	5.5	24		33.631	26.330	31.394	24.591		1.739	7.07	6.04	
703-2441	184	0.5	24		28.875	21.574	27.907	21.104		0.470	2.23		
703-2442	184	1.5	24		30.143	22.842	28.806	22.003		0.839	3.81		
703-2443	184	2.5	24		35.074	27.773	33.085	26.282		1.491	5.67		
703-2444	184	3.5	24		34.785	27.484	32.15	25.347		2.137	8.43		
703-2445	184	4.5	24		33.263	25.962	30.377	23.574		2.388	10.13		
703-2446	184	5.5	24		40.063	32.762	36.516	29.713		3.049	10.26	6.76	
703-2451	184	0.5	24		31.457	24.156	30.345	23.542		0.614	2.61		
703-2452	184	1.5	24		30.327	23.026	29.016	22.213		0.813	3.66		
703-2453	184	2.5	24		29.517	22.216	27.679	20.876		1.340	6.42		
703-2454	184	3.5	24		22.103	14.802	20.503	13.700		1.102	8.05		
703-2455	184	4.5	24		38.964	31.663	35.526	28.723		2.940	10.24		
703-2456	184	5.5	24		46.055	38.754	41.49	34.687		4.067	11.73	7.12	
703-2461	184	0.5	24		29.315	22.014	28.227	21.424		0.590	2.76		
703-2462	184	1.5	24		35.133	27.832	33.486	26.683		1.149	4.31		
703-2463	184	2.5	24		43.975	36.674	41.307	34.504		2.170	6.29		
703-2464	184	3.5	24		40.719	33.418	37.832	31.029		2.389	7.70		
703-2465	184	4.5	24		39.791	32.490	36.452	29.649		2.841	9.58		
703-2466	184	5.5	24		40.430	33.129	36.943	30.140		2.989	9.92	6.76	
Daily average	184		24		36.128	28.827	33.879	27.075					
705-2411	186	0.5	24	1	30.346	23.045	29.007	22.204		0.841	3.79		
705-2412	186	1.5	24	1	33.856	26.555	31.721	24.918		1.637	6.57		
705-2413	186	2.5	24	1	39.207	31.906	36.49	29.687		2.219	7.48		
705-2414	186	3.5	24	1	34.056	26.755	31.236	24.433		2.322	9.50		
705-2415	186	4.5	24	1	47.562	40.261	43.119	36.316		3.945	10.86		
705-2416	186	5.5	24	1	33.823	26.522	30.915	24.112		2.410	10.00	8.03	
705-2421	186	0.5	24	2	30.519	23.218	29.205	22.402		0.816	3.64		
705-2422	186	1.5	24	2	33.101	25.800	31.375	24.572		1.228	5.00		
705-2423	186	2.5	24	2	33.597	26.296	31.422	24.619		1.677	6.81		
705-2424	186	3.5	24	2	36.779	29.478	33.795	26.992		2.486	9.21		
705-2425	186	4.5	24	2	41.780	34.479	37.795	30.992		3.487	11.25		
705-2426	186	5.5	24	2	39.027	31.726	35.225	28.422		3.304	11.63	7.92	
705-2431	186	0.5	24	3	26.062	18.761	25	18.197		0.564	3.10		
705-2432	186	1.5	24	3	32.154	24.853	39.696	32.893		X	X		
705-2433	186	2.5	24	3	25.644	18.343	24.204	17.401		0.942	5.42		
705-2434	186	3.5	24	3	30.442	23.141	28.524	21.721		1.420	6.54		
705-2435	186	4.5	24	3	33.489	26.188	30.726	23.923		2.265	9.47		
705-2436	186	5.5	24	3	33.813	26.512	30.874	24.071		2.441	10.14	6.93	
705-2441	186	0.5	24	4	33.434	26.133	31.945	25.142		0.991	3.94		
705-2442	186	1.5	24	4	38.873	31.572	36.741	29.938		1.634	5.46		
705-2443	186	2.5	24	4	34.732	27.431	32.525	25.722		1.709	6.65		
705-2444	186	3.5	24	4	45.001	37.700	41.461	34.658		3.042	8.78		
705-2445	186	4.5	24	4	33.819	26.518	30.851	24.048		2.470	10.27		
705-2446	186	5.5	24	4	46.058	38.757	41.759	34.956		3.801	10.87	7.66	
705-2451	186	0.5	24	5	29.121	21.820	27.818	21.015		0.805	3.83		
705-2452	186	1.5	24	5	26.927	19.626	25.445	18.642		0.984	5.28		
705-2453	186	2.5	24	5	44.168	36.867	41.263	34.460		2.407	6.99		
705-2454	186	3.5	24	5	31.393	24.092	29.066	22.263		1.829	8.22		
705-2455	186	4.5	24	5	45.698	38.397	41.792	34.989		3.408	9.74		
705-2456	186	5.5	24	5	44.864	37.563	40.975	34.172		3.391	9.92	7.33	
705-2461	186	0.5	24	6	28.120	20.819	26.879	20.076		0.743	3.70		
705-2462	186	1.5	24	6	26.836	19.535	25.578	18.775		0.760	4.05		
705-2463	186	2.5	24	6	28.790	21.489	27.32	20.517		0.972	4.74		
705-2464	186	3.5	24	6	29.268	21.967	27.615	20.812		1.155	5.55		
705-2465	186	4.5	24	6	27.594	20.293	25.842	19.039		1.254	6.59		
705-2466	186	5.5	24	6	27.832	20.531	26.111	19.308		1.223	6.34	5.16	
Daily average			24		34.383	27.082	32.259	25.455		1.903	7.181		
706-2411	187	0.5	24	1	27.736	20.435	23.916	17.113		3.322	19.41		
706-2412	187	1.5	24	1	34.448	27.147	29.632	22.829		4.318	18.92		
706-2413	187	2.5	24	1	33.285	25.984	28.695	21.892		4.092	18.69		
706-2414	187	3.5	24	1	37.845	30.544	32.791	25.988		4.556	17.53		
706-2415	187	4.5	24	1	43.424	36.123	37.194	30.391		5.732	18.86		
706-2416	187	5.5	24	1	45.76	38.459	39.228	32.425		6.034	18.61	18.67	
706-2421	187	0.5	24	2	22.264	14.963	19.126	12.323		2.640	21.43		
706-2422	187	1.5	24	2	23.025	15.724	20.071	13.268		2.456	18.51		
706-2423	187	2.5	24	2	25.806	18.505	22.486	15.683		2.822	18.00		
706-2424	187	3.5	24	2	24.926	17.625	22.269	15.466		2.159	13.96		
706-2425	187	4.5	24	2	30.915	23.614	27.688	20.885		2.729	13.07		
706-2426	187	5.5	24	2	34.7	27.399	31.131	24.328		3.071	12.62	16.27	
706-2431	187	0.5	24	3	35.611	28.310	30.591	23.788		4.522	19.01		
706-2432	187	1.5	24	3	38.235	30.934	32.979	26.176		4.758	18.18		
706-2433	187	2.5	24	3	35.236	27.935	30.536	23.733		4.202	17.71		
706-2434	187	3.5	24	3	47.426	40.125	41.093	34.290		5.835	17.02		
706-2435	187	4.5	24	3	36.125	28.824	31.847	25.044		3.780	15.09		
706-2436	187	5.5	24	3	47.513	40.212	42.305	35.502		4.710	13.27	16.71	
706-2441	187	0.5	24	4	31.423	24.122	26.847	20.044		4.078	20.35		
706-2442	187	1.5	24	4	27.892	20.591	23.861	17.058		3.533	20.71		
706-2443	187	2.5	24	4	33.476	26.175	28.604	21.801		4.374	20.06		
706-2444	187	3.5	24	4	40.056	32.755	34.448	27.645		5.110	18.49		
706-2445	187	4.5	24	4	43.501	36.200	37.866	31.063		5.137	16.54		
706-2446	187	5.5	24	4	48.85	41.549	43.309	36.506		5.043	13.82	18.33	
706-2451	187	0.5	24	5	38.07	30.769	32.354	25.551		5.218	20.42		
706-2452	187	1.5	24	5	32.02	24.719	27.91	21.107		3.612	17.11		
706-2453	187	2.5	24	5	42.011	34.710	36.816	30.013		4.697	15.65		
706-2454	187	3.5	24	5	38.87	31.569	20.368	13.565		X	X		
706-2455	187	4.5	24	5	38.192	30.891	27.124	20.321		X	X		
706-2456	187	5.5	24	5	41.805	34.504	38.304	31.501		3.003	9.53	15.68	
706-2461	187	0.5	24	6	29.723	22.422	25.635	18.832		3.590	19.07		
706-2462	187	1.5	24	6	33.229	25.928	28.401	21.598		4.330	20.05		
706-2463	187	2.5	24	6	29.151	21.850	25.209	18.406		3.444	18.71		
706-2464	187	3.5	24	6	41.029	33.728	35.546	28.743		4.985	17.34		
706-2465	187	4.5	24	6	28.507	21.206	24.975	18.172		3.034	16.70		
706-2466	187	5.5	24	6	55.437	48.136	48.867	42.064		6.072	14.44	17.72	
Daily average			24		36.042	28.741	30.834	24.031		4.147	17.320		
707-2411	188	0.5	24	1	36.564	29.263	27.512	20.709		X	X		
707-2412	188	1.5	24	1	33.251	25.950	28.163	21.360		4.590	21.49		
707-2413	188	2.5	24	1	38.772	31.471	32.686	25.883		5.588	21.59		
707-2414	188	3.5	24	1	49.83	42.529	42.2	35.397		7.132	20.15		
707-2415	188	4.5	24	1	42.667	35.366	36.166	29.363		6.003	20.45		
707-2416	188	5.5	24	1	47.197	39.896	40.493	33.690		6.206	18.42	20.42	
707-2421	188	0.5	24	2	32.849	25.548	27.574	20.771		4.777	23.00		
707-2422	188	1.5	24	2	35.701	28.400	30.168	23.365		5.035	21.55		
707-2423	188	2.5	24	2	41.296	33.995	35.132	28.329		5.666	20.00		
707-2424	188	3.5	24	2	43.921	36.620	37.479	30.676		5.944	19.38		
707-2425	188	4.5	24	2	42.635	35.334	36.435	29.632		5.702	19.24		
707-2426	188	5.5	24	2	41.599	34.298	36.347	29.544		4.754	16.09	19.88	
707-2431	188	0.5	24	3	33.975	26.674	28.854	22.051		4.623	20.97		
707-2432	188	1.5	24	3	31.813	24.512	26.995	20.192		4.320	21.40		
707-2433	188	2.5	24	3	46.497	39.196	39.42	32.617		6.579	20.17		
707-2434	188	3.5	24	3	44.206	36.905	37.925	31.122		5.783	18.58		
707-2435	188	4.5	24	3	53.924	46.623	46.129	39.326		7.297	18.56		
707-2436	188	5.5	24	3	42.613	35.312	37.03	30.227		5.085	16.82	19.42	
707-2441	188	0.5	24	4	31.075	23.774	25.806	19.003		4.771	25.11		
707-2442	188	1.5	24	4	36.624	29.323	30.193	23.390		5.933	25.37		
707-2443	188	2.5	24	4	38.137	30.836	32.02	25.217		5.619	22.28		
707-2444	188	3.5	24	4	36.184	28.883	30.86	24.057		4.826	20.06		
707-2445	188	4.5	24	4	37.469	30.168	32.212	25.409		4.759	18.73		
707-2446	188	5.5	24	4	38.595	31.294	33.668	26.865		4.429	16.49	21.34	
707-2451	188	0.5	24	5	37.303	30.002	22.53	15.727		X	X		
707-2452	188	1.5	24	5	35.189	27.888	29.018	22.215		5.673	25.54		
707-2453	188	2.5	24	5	31.978	24.677	27.099	20.296		4.381	21.59		
707-2454	188	3.5	24	5	34.507	27.206	28.99	22.187		5.019	22.62		
707-2455	188	4.5	24	5	32.756	25.455	27.091	20.288		5.167	25.47		
707-2456	188	5.5	24	5	34.422	27.121	29.077	22.274		4.847	21.76	23.40		
707-2461	188	0.5	24	6	31.374	24.073	25.692	18.889		5.184	27.45			
707-2462	188	1.5	24	6	34.427	27.126	29.127	22.324		4.802	21.51			
707-2463	188	2.5	24	6	35.281	27.980	29.391	22.588		5.392	23.87			
707-2464	188	3.5	24	6	35.296	27.995	29.792	22.989		5.006	21.78			
707-2465	188	4.5	24	6	35.84	28.539	30.383	23.580		4.959	21.03			
707-2466	188	5.5	24	6	39.508	32.207	33.669	26.866		5.341	19.88	22.59		
Daily average			24		38.202	30.901	32.037	25.234		5.329	21.130			
708-2411	189	0.5	24	1	37.532	30.231	31.542	24.739		5.492	22.20			
708-2412	189	1.5	24	1	35.599	28.298	30.865	24.062		4.236	17.61			
708-2413	189	2.5	24	1	33.293	25.992	28.964	22.161		3.831	17.29			
708-2414	189	3.5	24	1	53.092	45.791	46.143	39.340		6.451	16.40			
708-2415	189	4.5	24	1	48.402	41.101	41.784	34.981		6.120	17.50			
708-2416	189	5.5	24	1	37.080	29.779	32.288	25.485		4.294	16.85	17.97		
708-2421	189	0.5	24	2	36.265	28.964	31.789	24.986		3.978	15.92			
708-2422	189	1.5	24	2	29.979	22.678	26.457	19.654		3.024	15.39			
708-2423	189	2.5	24	2	54.493	47.192	47.433	40.630		6.562	16.15			
708-2424	189	3.5	24	2	29.821	22.520	25.721	18.918		3.602	19.04			
708-2425	189	4.5	24	2	52.916	45.615	46.545	39.742		5.873	14.78			
708-2426	189	5.5	24	2	45.553	38.252	40.135	33.332		4.920	14.76	16.01		
708-2431	189	0.5	24	3	30.109	22.808	25.766	18.963		3.845	20.28			
708-2432	189	1.5	24	3	32.633	25.332	28.372	21.569		3.763	17.45			
708-2433	189	2.5	24	3	34.782	27.481	30.275	23.472		4.009	17.08			
708-2434	189	3.5	24	3	36.585	29.284	31.923	25.120		4.164	16.58			
708-2435	189	4.5	24	3	42.677	35.376	37.341	30.538		4.838	15.84			
708-2436	189	5.5	24	3	52.285	44.984	45.893	39.090		5.894	15.08	17.05		
708-2441	189	0.5	24	4	44.714	37.413	37.661	30.858		6.555	21.24			
708-2442	189	1.5	24	4	37.578	30.277	32.236	25.433		4.844	19.05			
708-2443	189	2.5	24	4	43.057	35.756	36.738	29.935		5.821	19.45			
708-2444	189	3.5	24	4	47.030	39.729	40.479	33.676		6.053	17.98			
708-2445	189	4.5	24	4	40.833	33.532	35.423	28.620		4.912	17.16			
708-2446	189	5.5	24	4	46.613	39.312	40.942	34.139		5.173	15.15	18.34		
708-2451	189	0.5	24	5	31.368	24.067	26.601	19.798		4.269	21.56			
708-2452	189	1.5	24	5	30.080	22.779	26.184	19.381		3.398	17.53			
708-2453	189	2.5	24	5	33.164	25.863	28.87	22.067		3.796	17.20			
708-2454	189	3.5	24	5	36.501	29.200	27.956	21.153		X	X			
708-2455	189	4.5	24	5	31.451	24.150	27.355	20.552		3.598	17.51			
708-2456	189	5.5	24	5	36.535	29.234	31.922	25.119		4.115	16.38	18.04		
708-2461	189	0.5	24	6	28.376	21.075	24.16	17.357		3.718	21.42			
708-2462	189	1.5	24	6	33.420	26.119	28.753	21.950		4.169	18.99			
708-2463	189	2.5	24	6	35.100	27.799	30.44	23.637		4.162	17.61			
708-2464	189	3.5	24	6	43.274	35.973	37.296	30.493		5.480	17.97			
708-2465	189	4.5	24	6	43.431	36.130	37.86	31.057		5.073	16.34			
708-2466	189	5.5	24	6	39.889	32.588	35.137	28.334		4.254	15.01	17.89		
Daily average			24		39.042	31.741	33.757	26.954		4.694	17.536			
709-2411	190	0.5	24	1	29.094	21.793	26.392	19.589		2.204	11.25			
709-2412	190	1.5	24	1	33.116	25.815	29.407	22.604		3.211	14.21			
709-2413	190	2.5	24	1	40.806	33.505	35.842	29.039		4.466	15.38			
709-2414	190	3.5	24	1	30.501	23.200	26.859	20.056		3.144	15.68		
709-2415	190	4.5	24	1	54.302	47.001	47.751	40.948		6.053	14.78		
709-2416	190	5.5	24	1	30.741	23.440	27.607	20.804		2.636	12.67	14.00	
709-2421	190	0.5	24	2	31.258	23.957	28.382	21.579		2.378	11.02		
709-2422	190	1.5	24	2	34.919	27.618	30.949	24.146		3.472	14.38		
709-2423	190	2.5	24	2	38.441	31.140	33.875	27.072		4.068	15.03		
709-2424	190	3.5	24	2	41.018	33.717	36.053	29.250		4.467	15.27		
709-2425	190	4.5	24	2	43.761	36.460	38.528	31.725		4.735	14.93		
709-2426	190	5.5	24	2	52.632	45.331	46.911	40.108		5.223	13.02	13.94	
709-2431	190	0.5	24	3	35.724	28.423	31.89	25.087		3.336	13.30		
709-2432	190	1.5	24	3	29.357	22.056	25.881	19.078		2.978	15.61		
709-2433	190	2.5	24	3	42.103	34.802	36.521	29.718		5.084	17.11		
709-2434	190	3.5	24	3	44.041	36.740	38.222	31.419		5.321	16.94		
709-2435	190	4.5	24	3	50.222	42.921	43.524	36.721		6.200	16.89		
709-2436	190	5.5	24	3	29.700	22.399	26.238	19.435		2.964	15.25	15.85	
709-2441	190	0.5	24	4	34.639	27.338	29.888	23.085		4.253	18.42		
709-2442	190	1.5	24	4	37.970	30.669	32.865	26.062		4.607	17.68		
709-2443	190	2.5	24	4	35.016	27.715	30.243	23.440		4.275	18.24		
709-2444	190	3.5	24	4	44.803	37.502	38.395	31.592		5.910	18.71		
709-2445	190	4.5	24	4	39.564	32.263	34.226	27.423		4.840	17.65		
709-2446	190	5.5	24	4	48.310	41.009	42.206	35.403		5.606	15.84	17.76	
709-2451	190	0.5	24	5	34.014	26.713	29.701	22.898		3.815	16.66		
709-2452	190	1.5	24	5	37.112	29.811	32.334	25.531		4.280	16.77		
709-2453	190	2.5	24	5	34.450	27.149	30.133	23.330		3.819	16.37		
709-2454	190	3.5	24	5	31.540	24.239	27.763	20.960		3.279	15.65		
709-2455	190	4.5	24	5	36.552	29.251	32.183	25.380		3.871	15.25		
709-2456	190	5.5	24	5	45.804	38.503	40.225	33.422		5.081	15.20	15.98	
709-2461	190	0.5	24	6	33.116	25.815	28.093	21.290		4.525	21.26		
709-2462	190	1.5	24	6	43.572	36.271	37.61	30.807		5.464	17.74		
709-2463	190	2.5	24	6	39.025	31.724	33.829	27.026		4.698	17.38		
709-2464	190	3.5	24	6	46.421	39.120	40.109	33.306		5.814	17.46		
709-2465	190	4.5	24	6	46.433	39.132	40.409	33.606		5.526	16.44		
709-2466	190	5.5	24	6	51.566	44.265	45.139	38.336		5.929	15.47	17.62	
Daily average			24		39.208	31.907	34.323	27.519		4.385	15.904		
710-2411	191	0.5	24	1	32.662	25.361	27.247	20.444		4.917	24.05		
710-2412	191	1.5	24	1	25.961	18.660	21.628	14.825		3.835	25.87		
710-2413	191	2.5	24	1	45.808	38.507	37.607	30.804		7.703	25.01		
710-2414	191	3.5	24	1	48.464	41.163	40.304	33.501		7.662	22.87		
710-2415	191	4.5	24	1	47.678	40.377	40.006	33.203		7.174	21.61		
710-2416	191	5.5	24	1	58.436	51.135	49.804	43.001		8.134	18.92	23.05	
710-2421	191	0.5	24	2	38.356	31.055	31.685	24.882		6.173	24.81		
710-2422	191	1.5	24	2	34.488	27.187	29.007	22.204		4.983	22.44		
710-2423	191	2.5	24	2	29.405	22.104	24.864	18.061		4.043	22.39		
710-2424	191	3.5	24	2	38.252	30.951	31.564	24.761		6.190	25.00		
710-2425	191	4.5	24	2	37.134	29.833	30.377	23.574		6.259	26.55		
710-2426	191	5.5	24	2	44.777	37.476	37.216	30.413		7.063	23.22	24.07	
710-2431	191	0.5	24	3	31.452	24.151	25.863	19.060		5.091	26.71		
710-2432	191	1.5	24	3	29.230	21.929	24.5	17.697		4.232	23.92		
710-2433	191	2.5	24	3	35.128	27.827	29.365	22.562		5.265	23.34		
710-2434	191	3.5	24	3	36.443	29.142	30.533	23.730		5.412	22.81		
710-2435	191	4.5	24	3	38.417	31.116	31.885	25.082		6.034	24.06		
710-2436	191	5.5	24	3	44.518	37.217	37.127	30.324		6.893	22.73	23.93	
Daily average			24		39.344	32.043	33.520	26.717		5.326	20.281		
711-2411	192	0.5	24	1	29.888	22.587	25.179	18.376		4.211	22.92		
711-2412	192	1.5	24	1	34.417	27.116	28.855	22.052		5.064	22.97		
711-2413	192	2.5	24	1	29.328	22.027	24.475	17.672		4.355	24.65		
711-2414	192	3.5	24	1	39.907	32.606	33.024	26.221		6.385	24.35		
711-2415	192	4.5	24	1	44.468	37.167	36.808	30.005		7.162	23.87		
711-2416	192	5.5	24	1	48.951	41.650	41.04	34.237		7.413	21.65	23.40	
711-2421	192	0.5	24	2	31.84	24.539	26.331	19.528		5.011	25.66		
711-2422	192	1.5	24	2	20.001	12.700	17.048	10.245		2.455	23.97		
711-2423	192	2.5	24	2	39.991	32.690	33.072	26.269		6.421	24.44		
711-2424	192	3.5	24	2	48.034	40.733	39.787	32.984		7.749	23.49		
711-2425	192	4.5	24	2	50.562	43.261	42.513	35.710		7.551	21.15		
711-2426	192	5.5	24	2	45.611	38.310	38.628	31.825		6.485	20.38	23.18	
711-2431	192	0.5	24	3	28.307	21.006	22.477	15.674		5.332	34.02		
711-2432	192	1.5	24	3	28.674	21.373	23.448	16.645		4.728	28.41		
711-2433	192	2.5	24	3	32.256	24.955	26.519	19.716		5.239	26.57		
711-2434	192	3.5	24	3	44.964	37.663	36.792	29.989		7.674	25.59		
711-2435	192	4.5	24	3	58.487	51.186	48.589	41.786		9.400	22.50		
711-2436	192	5.5	24	3	38.189	30.888	32.011	25.208		5.680	22.53	26.60	
711-2441	192	0.5	24	4	33.95	26.649	27.704	20.901		5.748	27.50		
711-2442	192	1.5	24	4	27.055	19.754	22.423	15.620		4.134	26.47		
711-2443	192	2.5	24	4	39.488	32.187	32.167	25.364		6.823	26.90		
711-2444	192	3.5	24	4	41.365	34.064	33.838	27.035		7.029	26.00		
711-2445	192	4.5	24	4	45.341	38.040	36.909	30.106		7.934	26.35		
711-2446	192	5.5	24	4	48.354	41.053	39.7	32.897		8.156	24.79	26.34	
711-2451	192	0.5	24	5	36.03	28.729	29.337	22.534		6.195	27.49		
711-2452	192	1.5	24	5	37.466	30.165	30.582	23.779		6.386	26.86		
711-2453	192	2.5	24	5	45.466	38.165	37.023	30.220		7.945	26.29		
711-2454	192	3.5	24	5	36.942	29.641	29.927	23.124		6.517	28.18		
711-2455	192	4.5	24	5	47.516	40.215	38.473	31.670		8.545	26.98		
711-2456	192	5.5	24	5	47.515	40.214	39.095	32.292		7.922	24.53	26.72	
711-2461	192	0.5	24	6	21.519	14.218	18.285	11.482		2.736	23.83		
711-2462	192	1.5	24	6	24.801	17.500	21.009	14.206		3.294	23.19		
711-2463	192	2.5	24	6	24.701	17.400	20.856	14.053		3.347	23.82		
711-2464	192	3.5	24	6	28.298	20.997	23.677	16.874		4.123	24.44		
711-2465	192	4.5	24	6	38.191	30.890	31.709	24.906		5.984	24.03		
711-2466	192	5.5	24	6	45.471	38.170	37.576	30.773		7.397	24.04	23.89	
Daily average			24		37.871	30.570	31.302	24.499		6.071	25.023		
712-2411	193	0.5	24	1	39.807	32.506	33.27	26.467		6.039	22.82		
712-2412	193	1.5	24	1	43.873	36.572	34.913	28.110		8.462	30.10		
712-2413	193	2.5	24	1	47.607	40.306	38.914	32.111		8.195	25.52		
712-2414	193	3.5	24	1	43.495	36.194	36.106	29.303		6.891	23.52		
712-2415	193	4.5	24	1	49.969	42.668	41.666	34.863		7.805	22.39		
712-2416	193	5.5	24	1	46.747	39.446	39.281	32.478		6.968	21.46	24.30	
712-2421	193	0.5	24	2	30.239	22.938	24.862	18.059		4.879	27.02		
712-2422	193	1.5	24	2	28.302	21.001	23.631	16.828		4.173	24.80		
712-2423	193	2.5	24	2	34.27	26.969	28.785	21.982		4.987	22.69		
712-2424	193	3.5	24	2	34.66	27.359	29.094	22.291		5.068	22.74		
712-2425	193	4.5	24	2	34.252	26.951	28.771	21.968		4.983	22.68		
712-2426	193	5.5	24	2	39.44	32.139	33.04	26.237		5.902	22.50	23.74	
712-2431	193	0.5	24	3	33.612	26.311	27.137	20.334		5.977	29.40		
712-2432	193	1.5	24	3	26.825	19.524	22.505	15.702		3.822	24.34		
712-2433	193	2.5	24	3	33.8	26.499	27.912	21.109		5.390	25.54		
712-2434	193	3.5	24	3	36.431	29.130	29.831	23.028		6.102	26.50		
712-2435	193	4.5	24	3	42.473	35.172	34.609	27.806		7.366	26.49		
712-2436	193	5.5	24	3	41.536	34.235	34.175	27.372		6.863	25.07	26.22	
712-2441	193	0.5	24	4	37.994	30.693	31.481	24.678		6.015	24.38		
712-2442	193	1.5	24	4	26.357	19.056	22.233	15.430		3.626	23.50		
712-2443	193	2.5	24	4	39.196	31.895	32.919	26.116		5.779	22.13		
712-2444	193	3.5	24	4	44.738	37.437	37.39	30.587		6.850	22.40		
712-2445	193	4.5	24	4	40.908	33.607	34.015	27.212		6.395	23.50		
712-2446	193	5.5	24	4	47.116	39.815	39.176	32.373		7.442	22.99	23.15	
712-2451	193	0.5	24	5	31.862	24.561	25.021	18.218		6.343	34.82		
712-2452	193	1.5	24	5	29.744	22.443	24.202	17.399		5.044	28.99		
712-2453	193	2.5	24	5	33.552	26.251	27.668	20.865		5.386	25.82		
712-2454	193	3.5	24	5	37.671	30.370	30.292	23.489		6.881	29.30		
712-2455	193	4.5	24	5	43.042	35.741	34.931	28.128		7.613	27.07		
712-2456	193	5.5	24	5	44.036	36.735	35.97	29.167		7.568	25.95	28.66	
712-2461	193	0.5	24	6	31.047	23.746	25.442	18.639		5.107	27.40		
712-2462	193	1.5	24	6	25.749	18.448	20.967	14.164		4.284	30.25		
712-2463	193	2.5	24	6	21.354	14.053	16.91	10.107		3.946	39.05		
712-2464	193	3.5	24	6	37.854	30.553	31.227	24.424		6.129	25.10		
712-2465	193	4.5	24	6	29.293	21.992	24.282	17.479		4.513	25.82		
712-2466	193	5.5	24	6	41.45	34.149	34.69	27.887		6.262	22.46	28.34	
Daily average			24		36.953	29.652	30.481	23.678		5.974	25.735		
713-2411	194	0.5	24	1	43.616	36.315	36.909	30.106		6.209	20.62		
713-2412	194	1.5	24	1	41.752	34.451	35.756	28.953		5.498	18.99		
713-2413	194	2.5	24	1	41.715	34.414	35.478	28.675		5.739	20.02		
713-2414	194	3.5	24	1	39.592	32.291	33.772	26.969		5.322	19.74		
713-2415	194	4.5	24	1	43.385	36.084	37.038	30.235		5.849	19.35		
713-2416	194	5.5	24	1	33.798	26.497	29.187	22.384		4.113	18.38	19.51	
713-2421	194	0.5	24	2	29.048	21.747	24.987	18.184		3.563	19.60		
713-2422	194	1.5	24	2	43.996	36.695	37.411	30.608		6.087	19.89		
713-2424	194	2.5	24	2	41.673	34.372	35.371	28.568		5.804	20.32		
713-2424	194	3.5	24	2	42.54	35.239	36.023	29.220		6.019	20.60		
713-2425	194	4.5	24	2	43.229	35.928	36.901	30.098		5.830	19.37		
713-2426	194	5.5	24	2	47.308	40.007	40.54	33.737		6.270	18.59	19.73	
713-2431	194	0.5	24	3	38.056	30.755	32.445	25.642		5.113	19.94		
713-2432	194	1.5	24	3	40.727	33.426	34.765	27.962		5.464	19.54		
713-2433	194	2.5	24	3	36.747	29.446	31.225	24.422		5.024	20.57		
713-2434	194	3.5	24	3	39.541	32.240	33.357	26.554		5.686	21.41		
713-2435	194	4.5	24	3	38.751	31.450	32.693	25.890		5.560	21.48		
713-2436	194	5.5	24	3	51.926	44.625	42.962	36.159		8.466	23.41	21.06	
Daily average			24		40.967	33.666	34.823	28.020		5.646	20.101		
714-2411	195	0.5	24	1	28.168	20.867	24.386	17.583		3.284	18.68		
714-2412	195	1.5	24	1	33.032	25.731	28.514	21.711		4.020	18.52		
714-2413	195	2.5	24	1	31.207	23.906	26.676	19.873		4.033	20.30		
714-2414	195	3.5	24	1	32.603	25.302	27.864	21.061		4.241	20.14		
714-2415	195	4.5	24	1	34.645	27.344	29.434	22.631		4.713	20.83		
714-2416	195	5.5	24	1	31.66	24.359	27.117	20.314		4.045	19.91	19.73	
714-2421	195	0.5	24	2	32.816	25.515	27.642	20.839		4.676	22.44		
714-2422	195	1.5	24	2	32.596	25.295	27.724	20.921		4.374	20.91		
714-2423	195	2.5	24	2	45.277	37.976	38.168	31.365		6.611	21.08		
714-2424	195	3.5	24	2	46.624	39.323	39.45	32.647		6.676	20.45		
714-2425	195	4.5	24	2	39.957	32.656	33.679	26.876		5.780	21.51		
714-2426	195	5.5	24	2	50.012	42.711	42.323	35.520		7.191	20.25	21.11	
714-2431	195	0.5	24	3	37.981	30.680	31.929	25.126		5.554	22.11		
714-2432	195	1.5	24	3	35.713	28.412	30.804	24.001		4.411	18.38		
714-2433	195	2.5	24	3	37.521	30.220	32.009	25.206		5.014	19.89	
714-2434	195	3.5	24	3	39.954	32.653	33.852	27.049		5.604	20.72	
714-2435	195	4.5	24	3	44.168	36.867	37.101	30.298		6.569	21.68	
714-2436	195	5.5	24	3	45.482	38.181	38.361	31.558		6.623	20.99	20.63
Daily average			24		37.745	30.444	32.057	25.254		5.190	20.487	
715-2411	196	0.5	24	1	38.262	30.961	33.262	26.459		4.502	17.02	
715-2412	196	1.5	24	1	42.409	35.108	36.677	29.874		5.234	17.52	
715-2413	196	2.5	24	1	42.312	35.011	36.652	29.849		5.162	17.29	
715-2414	196	3.5	24	1	39.06	31.759	33.842	27.039		4.720	17.46	
715-2415	196	4.5	24	1	44.139	36.838	38.11	31.307		5.531	17.67	
715-2416	196	5.5	24	1	46.794	39.493	40.449	33.646		5.847	17.38	17.39
715-2421	196	0.5	24	2	36.558	29.257	31.759	24.956		4.301	17.24	
715-2422	196	1.5	24	2	36.501	29.200	31.57	24.767		4.433	17.90	
715-2423	196	2.5	24	2	47.636	40.335	40.851	34.048		6.287	18.47	
715-2424	196	3.5	24	2	42.482	35.181	36.493	29.690		5.491	18.50	
715-2425	196	4.5	24	2	45.938	38.637	39.438	32.635		6.002	18.39	
715-2426	196	5.5	24	2	44.841	37.540	38.774	31.971		5.569	17.42	17.99
715-2431	196	0.5	24	3	39.006	31.705	34.543	27.740		3.965	14.29	
715-2432	196	1.5	24	3	39.335	32.034	34.37	27.567		4.467	16.21	
715-2433	196	2.5	24	3	35.932	28.631	31.494	24.691		3.940	15.96	
715-2434	196	3.5	24	3	53.306	46.005	46.501	39.698		6.307	15.89	
715-2435	196	4.5	24	3	40.125	32.824	34.742	27.939		4.885	17.49	
715-2436	196	5.5	24	3	47.25	39.949	40.96	34.157		5.792	16.96	16.13
Daily average			24		42.327	35.026	36.694	29.890		5.136	17.169	
716-2411	197	0.5	24	1	35.711	28.410	31.112	24.309		4.101	16.87	
716-2412	197	1.5	24	1	37.047	29.746	32.194	25.391		4.355	17.15	
716-2413	197	2.5	24	1	45.422	38.121	39.123	32.320		5.801	17.95	
715-2414	197	3.5	24	1	43.379	36.078	37.341	30.538		5.540	18.14	
716-2415	197	4.5	24	1	52.941	45.640	45.196	38.393		7.247	18.88	
716-2416	197	5.5	24	1	52.462	45.161	45.117	38.314		6.847	17.87	17.81
716-2421	197	0.5	24	2	25.025	17.724	22.238	15.435		2.289	14.83	
716-2422	197	1.5	24	2	33.383	26.082	29.304	22.501		3.581	15.92	
716-2423	197	2.5	24	2	34.835	27.534	30.49	23.687		3.847	16.24	
716-2424	197	3.5	24	2	39.885	32.584	34.634	27.831		4.753	17.08	
716-2425	197	4.5	24	2	46.142	38.841	39.753	32.950		5.891	17.88	
716-2426	197	5.5	24	2	44.683	37.382	38.738	31.935		5.447	17.06	16.50
716-2431	197	0.5	24	3	34.921	27.620	31.497	24.694		2.926	11.85	
716-2432	197	1.5	24	3	35.158	27.857	31.442	24.639		3.218	13.06	
716-2433	197	2.5	24	3	33.743	26.442	30.003	23.200		3.242	13.98	
716-2434	197	3.5	24	3	37.705	30.404	33.408	26.605		3.799	14.28	
716-2435	197	4.5	24	3	38.187	30.886	33.827	27.024		3.862	14.29	
716-2436	197	5.5	24	3	41.492	34.191	36.632	29.829		4.362	14.62	13.68
Daily average			24		39.562	32.261	34.558	27.755		4.506	15.998	
717-2411	198	0.5	24	1	33.798	26.497	30.006	23.203		3.294	14.20	
717-2412	198	1.5	24	1	31.312	24.011	27.696	20.893		3.118	14.93	
717-2413	198	2.5	24	1	31.407	24.106	27.49	20.687		3.419	16.53	
717-2414	198	3.5	24	1	35.374	28.073	30.984	24.181		3.892	16.10	
717-2415	198	4.5	24	1	39.431	32.130	34.221	27.418		4.712	17.19	
717-2416	198	5.5	24	1	38.649	31.348	33.943	27.140		4.208	15.51	15.74
717-2421	198	0.5	24	2	31.225	23.924	28.114	21.311		2.613	12.26	
717-2422	198	1.5	24	2	35.196	27.895	31.224	24.421		3.474	14.23	
717-2423	198	2.5	24	2	38.619	31.318	33.843	27.040		4.278	15.82	
717-2424	198	3.5	24	2	44.075	36.774	38.579	31.776		4.998	15.73	
717-2425	198	4.5	24	2	42.911	35.610	37.318	30.515		5.095	16.70	
717-2426	198	5.5	24	2	46.332	39.031	40.446	33.643		5.388	16.02	15.13
717-3431	198	0.5	24	3	39.242	31.941	34.25	27.447		4.494	16.37	
717-3432	198	1.5	24	3	39.098	31.797	34.119	27.316		4.481	16.41	
717-3433	198	2.5	24	3	40.43	33.129	35.374	28.571		4.558	15.95	
717-3434	198	3.5	24	3	40.638	33.337	35.546	28.743		4.594	15.98	
717-3435	198	4.5	24	3	40.255	32.954	35.241	28.438		4.516	15.88	
717-3436	198	5.5	24	3	35.479	28.178	31.246	24.443		3.735	15.28	15.98
Daily average			24		37.971	30.670	33.313	26.510		4.160	15.616	
718-2411	199	0.5	24	1	32.095	24.794	29.661	22.858		1.936	8.47	
718-2412	199	1.5	24	1	30.388	23.087	27.305	20.502		2.585	12.61	
718-2413	199	2.5	24	1	34.015	26.714	29.96	23.157		3.557	15.36	
718-2414	199	3.5	24	1	35.911	28.610	31.431	24.628		3.982	16.17	
718-2415	199	4.5	24	1	41.654	34.353	36.404	29.601		4.752	16.05	
718-2416	199	5.5	24	1	34.365	27.064	30.268	23.465		3.599	15.34	14.00
718-2421	199	0.5	24	2	30.551	23.250	28.116	21.313		1.937	9.09	
718-2422	199	1.5	24	2	31.826	24.525	28.407	21.604		2.921	13.52	
718-2423	199	2.5	24	2	35.419	28.118	31.176	24.373		3.745	15.37	
718-2424	199	3.5	24	2	37.734	30.433	33.13	26.327		4.106	15.60	
718-2425	199	4.5	24	2	35.136	27.835	30.618	23.815		4.020	16.88	
718-2426	199	5.5	24	2	51.527	44.226	44.652	37.849		6.377	16.85	14.55
718-3431	199	0.5	24	3	32.739	25.438	30.057	23.254		2.184	9.39	
718-3432	199	1.5	24	3	35.748	28.447	32.322	25.519		2.928	11.48	
718-3433	199	2.5	24	3	39.739	32.438	35.325	28.522		3.916	13.73	
718-3434	199	3.5	24	3	38.443	31.142	34.129	27.326		3.816	13.97	
718-3435	199	4.5	24	3	38.303	31.002	33.871	27.068		3.934	14.54	
718-3436	199	5.5	24	3	39.41	32.109	34.683	27.880		4.229	15.17	13.05
Daily average			24		36.389	29.088	32.306	25.503		3.585	13.866	
719-2411	200	0.5	24	1	38.02	30.719	35.091	28.288		2.431	8.59	
719-2412	200	1.5	24	1	37.419	30.118	34.003	27.200		2.918	10.73	
719-2413	200	2.5	24	1	36.512	29.211	32.817	26.014		3.197	12.29	
719-2414	200	3.5	24	1	35.855	28.554	31.99	25.187		3.367	13.37	
719-2415	200	4.5	24	1	36.202	28.901	32.252	25.449		3.452	13.57	
719-2416	200	5.5	24	1	35.019	27.718	31.256	24.453		3.265	13.35	11.98
719-2421	200	0.5	24	2	36.629	29.328	32.627	25.824		3.504	13.57	
719-2422	200	1.5	24	2	35.784	28.483	31.912	25.109		3.374	13.44	
719-2423	200	2.5	24	2	38.979	31.678	34.231	27.428		4.250	15.50	
719-2424	200	3.5	24	2	44.334	37.033	38.7	31.897		5.136	16.10	
719-2425	200	4.5	24	2	43.406	36.105	37.836	31.033		5.072	16.35	
719-2426	200	5.5	24	2	45.303	38.002	39.713	32.910		5.092	15.47	15.07
719-3431	200	0.5	24	3	36.825	29.524	34.015	27.212		2.312	8.50	
719-3432	200	1.5	24	3	38.396	31.095	34.867	28.064		3.031	10.80	
719-3433	200	2.5	24	3	35.555	28.254	32.17	25.367		2.887	11.38	
719-3434	200	3.5	24	3	37.354	30.053	33.642	26.839		3.214	11.98	
719-3435	200	4.5	24	3	43.493	36.192	38.747	31.944		4.248	13.30	
719-3436	200	5.5	24	3	40.188	32.887	36.005	29.202		3.685	12.62	11.43
Daily average			24		38.626	31.325	34.549	27.745		3.580	12.828	

