Year	DOY	Hour	Site	V1	V2	V3	V4		Soil	Ercent	Eicent	Temp	Ercent25	Eicent25	waterwfv	NACLburden	concent	concent25	watercond																	
2002	177	1000	23	1.9783	1.538	1.2116	0.6332		2	8.8	5.84	29.82	9.1	5.46	0.149	0.232	0.0162	0.0152	0.2486
2002	177	1100	23	1.9745	1.5322	1.2018	0.56798		2	8.82	6.02	32.76	9.18	5.42	0.151	0.2282	0.0167	0.0151	0.2413
2002	177	1200	23	1.9718	1.5279	1.1944	0.53559		2	8.83	6.16	34.35	9.22	5.44	0.152	0.2276	0.0171	0.0151	0.2391
2002	177	1300	23	1.9711	1.5262	1.1908	0.50254		2	8.84	6.25	36.08	9.27	5.4	0.153	0.2248	0.0174	0.015	0.2345
2002	177	1400	23	1.9745	1.5319	1.1977	0.50089		2	8.72	6.21	36.17	9.14	5.36	0.15	0.2265	0.0173	0.0149	0.2409
2002	177	1500	23	1.9789	1.5385	1.2071	0.51273		2	8.65	6.1	35.54	9.07	5.3	0.149	0.226	0.017	0.0147	0.2433
2002	177	1600	23	1.9822	1.5438	1.2145	0.5171		2	8.59	6.02	35.31	8.99	5.25	0.147	0.2255	0.0167	0.0146	0.2457
2002	177	1700	23	1.9854	1.5497	1.2229	0.5362		2	8.49	5.93	34.32	8.87	5.24	0.144	0.2281	0.0165	0.0146	0.2536
2002	177	1800	23	1.9879	1.5545	1.2294	0.55677		2	8.39	5.87	33.3	8.74	5.25	0.141	0.2322	0.0163	0.0146	0.2638
2002	177	1900	23	1.9918	1.5602	1.2379	0.58701		2	8.35	5.75	31.87	8.67	5.24	0.139	0.2335	0.016	0.0146	0.2683
2002	177	2000	23	1.9952	1.5665	1.247	0.62386		2	8.24	5.65	30.22	8.53	5.26	0.136	0.2383	0.0157	0.0146	0.2807
2002	177	2100	23	1.9988	1.5717	1.2548	0.6582		2	8.22	5.54	28.78	8.47	5.26	0.134	0.2398	0.0154	0.0146	0.2855
2002	177	2200	23	2.0014	1.5759	1.2616	0.68817		2	8.2	5.44	27.58	8.43	5.25	0.133	0.2405	0.0151	0.0146	0.2886
2002	177	2300	23	2.0037	1.5798	1.267	0.71361		2	8.14	5.39	26.61	8.35	5.27	0.131	0.2437	0.015	0.0146	0.2969
2002	177	2400	23	2.0058	1.5828	1.2718	0.73588		2	8.13	5.31	25.78	8.33	5.25	0.131	0.2437	0.0148	0.0146	0.2979
2002	178	100	23	2.0075	1.5851	1.2762	0.75685		2	8.16	5.22	25.03	8.35	5.22	0.131	0.2417	0.0145	0.0145	0.2945
2002	178	200	23	2.0089	1.5881	1.2797	0.77601		2	8.07	5.22	24.35	8.24	5.27	0.129	0.2469	0.0145	0.0146	0.307
2002	178	300	23	2.0101	1.5898	1.283	0.79318		2	8.09	5.15	23.77	8.25	5.24	0.129	0.2455	0.0143	0.0146	0.3047
2002	178	400	23	2.0111	1.5921	1.2859	0.809		2	8.03	5.14	23.24	8.18	5.27	0.127	0.2491	0.0143	0.0147	0.3138
2002	178	500	23	2.0119	1.5936	1.2888	0.82542		2	8.03	5.09	22.7	8.17	5.26	0.127	0.2487	0.0141	0.0146	0.3136
2002	178	600	23	2.0123	1.5937	1.2892	0.82938		2	8.06	5.07	22.57	8.19	5.25	0.128	0.2475	0.0141	0.0146	0.3106
2002	178	700	23	2.0106	1.5909	1.2858	0.80974		2	8.12	5.09	23.21	8.27	5.22	0.129	0.2439	0.0141	0.0145	0.3019
2002	178	800	23	2.0089	1.5877	1.2803	0.7765		2	8.14	5.17	24.34	8.31	5.22	0.13	0.2428	0.0144	0.0145	0.2982
2002	178	900	23	2.0056	1.5824	1.2719	0.71401		2	8.17	5.29	26.59	8.39	5.18	0.132	0.2384	0.0147	0.0144	0.2883
2002	178	1000	23	2.0008	1.5746	1.2599	0.64304		2	8.24	5.46	29.41	8.52	5.14	0.135	0.233	0.0152	0.0143	0.2753
2002	178	1100	23	1.9981	1.5698	1.2517	0.59132		2	8.27	5.6	31.67	8.59	5.11	0.137	0.2298	0.0156	0.0142	0.2679
2002	178	1200	23	1.9958	1.5663	1.2454	0.55017		2	8.27	5.72	33.62	8.62	5.1	0.138	0.2283	0.0159	0.0142	0.2647
2002	178	1300	23	1.9956	1.5655	1.2431	0.52794		2	8.25	5.79	34.74	8.63	5.08	0.138	0.2274	0.0161	0.0141	0.2632
2002	178	1400	23	1.9986	1.5702	1.2496	0.52259		2	8.21	5.72	35.02	8.59	5.01	0.137	0.2253	0.0159	0.0139	0.2628
2002	178	1500	23	2.0017	1.5757	1.2575	0.53274		2	8.13	5.64	34.5	8.5	4.97	0.135	0.2258	0.0157	0.0138	0.2677
2002	178	1600	23	2.0049	1.5806	1.264	0.54318		2	8.07	5.58	33.97	8.42	4.95	0.133	0.2271	0.0155	0.0138	0.273
2002	178	1700	23	2.0078	1.5858	1.2712	0.56303		2	7.98	5.51	33	8.31	4.95	0.13	0.2301	0.0153	0.0138	0.2824
2002	178	1800	23	2.0105	1.5909	1.2785	0.59012		2	7.89	5.44	31.72	8.2	4.96	0.128	0.2339	0.0151	0.0138	0.2933
2002	178	1900	23	2.0133	1.5954	1.2853	0.61695		2	7.86	5.35	30.52	8.14	4.96	0.126	0.2355	0.0149	0.0138	0.2989
2002	178	2000	23	2.0163	1.6003	1.2926	0.65004		2	7.81	5.26	29.12	8.06	4.97	0.124	0.2381	0.0146	0.0138	0.3068
2002	178	2100	23	2.0194	1.605	1.2996	0.68334		2	7.78	5.17	27.77	8	4.98	0.123	0.2401	0.0144	0.0138	0.3131
2002	178	2200	23	2.0215	1.6082	1.3047	0.70975		2	7.77	5.1	26.75	7.97	4.97	0.122	0.2409	0.0142	0.0138	0.3159
2002	178	2300	23	2.0232	1.6114	1.3096	0.73213		2	7.73	5.04	25.92	7.92	4.98	0.121	0.2426	0.014	0.0138	0.3218
2002	178	2400	23	2.0245	1.6136	1.3131	0.75264		2	7.71	4.99	25.18	7.89	4.98	0.12	0.2438	0.0139	0.0138	0.3253
2002	179	100	23	2.0259	1.6159	1.3164	0.76981		2	7.69	4.96	24.57	7.85	4.99	0.119	0.2453	0.0138	0.0139	0.33
2002	179	200	23	2.0268	1.6174	1.3189	0.78622		2	7.68	4.92	24	7.84	4.99	0.119	0.246	0.0137	0.0139	0.332
2002	179	300	23	2.0276	1.6191	1.3215	0.8006		2	7.66	4.89	23.52	7.8	5	0.118	0.2474	0.0136	0.0139	0.3364
2002	179	400	23	2.0281	1.6198	1.3232	0.81226		2	7.68	4.85	23.13	7.82	4.98	0.118	0.2462	0.0135	0.0139	0.3338
2002	179	500	23	2.029	1.6205	1.3246	0.82215		2	7.71	4.82	22.8	7.84	4.97	0.119	0.2448	0.0134	0.0138	0.33
2002	179	600	23	2.0286	1.6203	1.3245	0.82174		2	7.7	4.82	22.82	7.84	4.97	0.119	0.2449	0.0134	0.0138	0.3305
2002	179	700	23	2.0274	1.6181	1.3212	0.80299		2	7.73	4.85	23.44	7.88	4.96	0.12	0.2434	0.0135	0.0138	0.3257
2002	179	800	23	2.0252	1.6153	1.3163	0.77596		2	7.7	4.94	24.36	7.87	4.99	0.119	0.2448	0.0137	0.0139	0.3284
2002	179	900	23	2.0231	1.611	1.3095	0.73133		2	7.76	5.02	25.95	7.95	4.96	0.121	0.2408	0.014	0.0138	0.3172
2002	179	1000	23	2.0201	1.6063	1.3023	0.67204		2	7.8	5.12	28.22	8.03	4.9	0.123	0.2355	0.0142	0.0136	0.3052
2002	179	1100	23	2.0178	1.6015	1.2946	0.61925		2	7.87	5.23	30.42	8.14	4.85	0.126	0.2301	0.0145	0.0135	0.2917
2002	179	1200	23	2.0143	1.5955	1.2854	0.57011		2	7.93	5.35	32.66	8.25	4.82	0.129	0.2257	0.0149	0.0134	0.2802
2002	179	1300	23	2.0127	1.5933	1.2813	0.53564		2	7.91	5.43	34.35	8.27	4.8	0.129	0.2241	0.0151	0.0133	0.2774
2002	179	1400	23	2.015	1.5972	1.2859	0.52073		2	7.84	5.42	35.12	8.2	4.74	0.128	0.2233	0.0151	0.0132	0.2799
2002	179	1500	23	2.0184	1.6023	1.2927	0.52408		2	7.78	5.36	34.94	8.14	4.7	0.126	0.223	0.0149	0.0131	0.2829
2002	179	1600	23	2.0214	1.6074	1.2993	0.53738		2	7.69	5.32	34.26	8.03	4.7	0.123	0.226	0.0148	0.0131	0.2929
2002	179	1700	23	2.024	1.612	1.3067	0.55987		2	7.66	5.22	33.15	7.98	4.67	0.122	0.2263	0.0145	0.013	0.2964
2002	179	1800	23	2.0265	1.6169	1.3136	0.58828		2	7.57	5.15	31.81	7.86	4.7	0.119	0.2308	0.0143	0.0131	0.3099
2002	179	1900	23	2.0296	1.6219	1.3205	0.61637		2	7.51	5.09	30.55	7.77	4.71	0.117	0.2343	0.0141	0.0131	0.3206
2002	179	2000	23	2.0323	1.6261	1.3273	0.64658		2	7.5	4.99	29.26	7.74	4.7	0.116	0.2346	0.0139	0.0131	0.3234
2002	179	2100	23	2.0347	1.63	1.3331	0.67404		2	7.46	4.92	28.14	7.69	4.71	0.115	0.2367	0.0137	0.0131	0.3302
2002	179	2200	23	2.0364	1.6333	1.3382	0.69601		2	7.42	4.86	27.28	7.63	4.71	0.113	0.2383	0.0135	0.0131	0.3366
2002	179	2300	23	2.0378	1.6353	1.3411	0.71349		2	7.41	4.83	26.61	7.61	4.72	0.113	0.2395	0.0134	0.0131	0.3402
2002	179	2400	23	2.0388	1.6377	1.3443	0.73059		2	7.35	4.81	25.97	7.53	4.74	0.111	0.2431	0.0134	0.0132	0.3512
2002	180	100	23	2.0402	1.6392	1.3473	0.74706		2	7.39	4.74	25.38	7.57	4.72	0.112	0.2408	0.0132	0.0131	0.3452
2002	180	200	23	2.0411	1.6414	1.3501	0.76279		2	7.33	4.73	24.82	7.49	4.74	0.11	0.2445	0.0132	0.0132	0.3565
2002	180	300	23	2.0419	1.6431	1.3524	0.77791		2	7.3	4.72	24.29	7.45	4.76	0.109	0.2471	0.0131	0.0132	0.3643
2002	180	400	23	2.0429	1.6438	1.3541	0.78746		2	7.34	4.67	23.96	7.49	4.74	0.11	0.2443	0.013	0.0132	0.3563
2002	180	500	23	2.0428	1.6441	1.3548	0.79358		2	7.34	4.66	23.75	7.48	4.74	0.109	0.2448	0.0129	0.0132	0.3582
2002	180	600	23	2.0426	1.6443	1.3547	0.79353		2	7.3	4.67	23.75	7.45	4.76	0.108	0.2469	0.013	0.0132	0.3642
2002	180	700	23	2.0422	1.6425	1.353	0.78174		2	7.39	4.65	24.16	7.54	4.71	0.111	0.2412	0.0129	0.0131	0.3476
2002	180	800	23	2.0405	1.6399	1.3488	0.75764		2	7.4	4.71	25	7.56	4.71	0.112	0.2407	0.0131	0.0131	0.3453
2002	180	900	23	2.0391	1.637	1.344	0.72185		2	7.43	4.78	26.3	7.62	4.69	0.113	0.2379	0.0133	0.013	0.3371
2002	180	1000	23	2.0361	1.6313	1.3357	0.66327		2	7.52	4.86	28.57	7.75	4.63	0.116	0.2307	0.0135	0.0129	0.3174
2002	180	1100	23	2.0343	1.6283	1.3305	0.62037		2	7.52	4.95	30.37	7.79	4.6	0.117	0.228	0.0138	0.0128	0.3109
2002	180	1200	23	2.0309	1.6228	1.3217	0.57502		2	7.55	5.07	32.43	7.85	4.59	0.119	0.2257	0.0141	0.0128	0.3035
2002	180	1300	23	2.0282	1.6184	1.3149	0.53525		2	7.59	5.17	34.37	7.93	4.56	0.121	0.2221	0.0144	0.0127	0.2942
2002	180	1400	23	2.0302	1.6209	1.3175	0.51618		2	7.56	5.17	35.35	7.92	4.5	0.121	0.2198	0.0144	0.0125	0.2918
2002	180	1500	23	2.033	1.6261	1.3247	0.51817		2	7.48	5.11	35.25	7.83	4.46	0.118	0.22	0.0142	0.0124	0.2974
2002	180	1600	23	2.035	1.63	1.33	0.52454		2	7.41	5.07	34.92	7.75	4.45	0.116	0.2215	0.0141	0.0124	0.3046
2002	180	1700	23	2.037	1.6336	1.3349	0.54293		2	7.35	5.03	33.98	7.67	4.46	0.114	0.2247	0.014	0.0124	0.3146
2002	180	1800	23	2.0398	1.6384	1.3421	0.56686		2	7.3	4.95	32.81	7.6	4.45	0.113	0.2263	0.0138	0.0124	0.3217
2002	180	1900	23	2.0422	1.6427	1.348	0.58881		2	7.23	4.9	31.78	7.51	4.47	0.11	0.2297	0.0136	0.0124	0.3334
2002	180	2000	23	2.0449	1.6469	1.354	0.61496		2	7.2	4.83	30.61	7.45	4.48	0.109	0.232	0.0134	0.0124	0.3417
2002	180	2100	23	2.047	1.651	1.3604	0.64381		2	7.15	4.76	29.38	7.39	4.48	0.107	0.2343	0.0132	0.0125	0.3507
2002	180	2200	23	2.049	1.6542	1.3652	0.6657		2	7.13	4.7	28.48	7.35	4.48	0.106	0.2356	0.0131	0.0125	0.3559
2002	180	2300	23	2.0504	1.6564	1.3681	0.68112		2	7.1	4.68	27.86	7.31	4.5	0.105	0.2378	0.013	0.0125	0.3629
2002	180	2400	23	2.0514	1.658	1.3709	0.69379		2	7.1	4.64	27.36	7.3	4.49	0.105	0.2373	0.0129	0.0125	0.3625
2002	181	100	23	2.0517	1.6594	1.3727	0.70303		2	7.05	4.63	27.01	7.24	4.5	0.103	0.2403	0.0129	0.0125	0.3726
2002	181	200	23	2.0528	1.6601	1.3741	0.71121		2	7.09	4.6	26.7	7.28	4.49	0.104	0.2381	0.0128	0.0125	0.3655
2002	181	300	23	2.0531	1.6614	1.376	0.72086		2	7.06	4.58	26.33	7.24	4.5	0.103	0.2401	0.0127	0.0125	0.3729
2002	181	400	23	2.0538	1.6624	1.3774	0.72971		2	7.05	4.57	26.01	7.22	4.51	0.103	0.2409	0.0127	0.0125	0.3753
2002	181	500	23	2.0545	1.6632	1.3789	0.73869		2	7.07	4.54	25.68	7.24	4.5	0.103	0.2401	0.0126	0.0125	0.373
2002	181	600	23	2.0545	1.6632	1.3795	0.74129		2	7.09	4.52	25.58	7.26	4.48	0.104	0.2384	0.0126	0.0125	0.3683
2002	181	700	23	2.0541	1.6626	1.3777	0.73293		2	7.06	4.56	25.89	7.23	4.51	0.103	0.2408	0.0127	0.0125	0.3746
2002	181	800	23	2.0527	1.6599	1.3744	0.71696		2	7.12	4.58	26.48	7.3	4.48	0.105	0.237	0.0127	0.0125	0.3618
2002	181	900	23	2.0517	1.6585	1.3718	0.68843		2	7.11	4.62	27.57	7.31	4.46	0.105	0.2357	0.0129	0.0124	0.3593
2002	181	1000	23	2.05	1.6551	1.3661	0.65006		2	7.13	4.7	29.12	7.36	4.44	0.106	0.233	0.0131	0.0123	0.3505
2002	181	1100	23	2.0479	1.6517	1.3607	0.6107		2	7.15	4.78	30.8	7.41	4.41	0.108	0.2299	0.0133	0.0123	0.3419
2002	181	1200	23	2.0459	1.648	1.3547	0.57249		2	7.18	4.86	32.54	7.47	4.39	0.109	0.2267	0.0135	0.0122	0.3321
2002	181	1300	23	2.0435	1.6432	1.3486	0.53482		2	7.3	4.89	34.39	7.63	4.32	0.113	0.2185	0.0136	0.012	0.3088
2002	181	1400	23	2.0443	1.6453	1.3501	0.5121		2	7.2	4.94	35.57	7.55	4.29	0.111	0.2197	0.0137	0.0119	0.3162
2002	181	1500	23	2.0465	1.6492	1.3553	0.51269		2	7.15	4.9	35.54	7.49	4.26	0.11	0.22	0.0136	0.0119	0.3214
2002	181	1600	23	2.0493	1.6533	1.3611	0.52968		2	7.12	4.84	34.65	7.44	4.26	0.108	0.221	0.0135	0.0118	0.3263
2002	181	1700	23	2.0513	1.657	1.3667	0.55322		2	7.07	4.78	33.47	7.38	4.26	0.107	0.2233	0.0133	0.0119	0.3349
2002	181	1800	23	2.0537	1.6606	1.3719	0.57405		2	7.05	4.72	32.47	7.33	4.27	0.106	0.2247	0.0131	0.0119	0.3407
2002	181	1900	23	2.0556	1.6646	1.3776	0.59634		2	6.98	4.67	31.44	7.24	4.28	0.103	0.2283	0.013	0.0119	0.3541
2002	181	2000	23	2.0575	1.668	1.3833	0.61972		2	6.97	4.59	30.4	7.21	4.27	0.102	0.2284	0.0128	0.0119	0.3569
2002	181	2100	23	2.0595	1.6713	1.3879	0.64307		2	6.93	4.55	29.41	7.16	4.28	0.101	0.2312	0.0127	0.0119	0.3667
2002	181	2200	23	2.0609	1.6745	1.3923	0.66229		2	6.86	4.52	28.61	7.07	4.3	0.099	0.2349	0.0126	0.012	0.381
2002	181	2300	23	2.0625	1.6761	1.3953	0.67942		2	6.9	4.46	27.93	7.11	4.28	0.1	0.2328	0.0124	0.0119	0.3742
2002	181	2400	23	2.0633	1.678	1.3974	0.69209		2	6.84	4.46	27.43	7.03	4.31	0.098	0.237	0.0124	0.012	0.3884
2002	182	100	23	2.0644	1.6795	1.4003	0.70405		2	6.86	4.41	26.97	7.05	4.29	0.098	0.2351	0.0123	0.0119	0.3834
2002	182	200	23	2.065	1.6806	1.4018	0.71398		2	6.85	4.4	26.59	7.03	4.3	0.097	0.2365	0.0122	0.012	0.3883
2002	182	300	23	2.0654	1.6815	1.4031	0.72291		2	6.83	4.39	26.26	7	4.31	0.097	0.2378	0.0122	0.012	0.3929
2002	182	400	23	2.0661	1.6825	1.4046	0.73176		2	6.83	4.37	25.93	7	4.31	0.097	0.2382	0.0122	0.012	0.3944
2002	182	500	23	2.0664	1.6831	1.4062	0.74074		2	6.85	4.34	25.6	7.01	4.3	0.097	0.2369	0.0121	0.0119	0.3906
2002	182	600	23	2.0667	1.6836	1.4068	0.74551		2	6.84	4.33	25.43	7	4.31	0.097	0.2377	0.012	0.012	0.3935
2002	182	700	23	2.0664	1.6832	1.4057	0.73981		2	6.82	4.36	25.64	6.98	4.32	0.096	0.2391	0.0121	0.012	0.3975
2002	182	800	23	2.0657	1.682	1.4039	0.72792		2	6.83	4.38	26.07	7	4.31	0.097	0.238	0.0122	0.012	0.3939
2002	182	900	23	2.065	1.6806	1.4013	0.70454		2	6.83	4.42	26.95	7.01	4.3	0.097	0.2369	0.0123	0.012	0.3902
2002	182	1000	23	2.0629	1.676	1.3955	0.66837		2	6.95	4.44	28.37	7.16	4.24	0.101	0.2289	0.0124	0.0118	0.3629
2002	182	1100	23	2.0605	1.6724	1.3891	0.62249		2	6.93	4.55	30.28	7.17	4.23	0.101	0.228	0.0126	0.0118	0.3602
2002	182	1200	23	2.0578	1.6677	1.3823	0.58909		2	6.98	4.62	31.77	7.25	4.21	0.103	0.2243	0.0128	0.0117	0.347
2002	182	1300	23	2.0551	1.6632	1.3747	0.54035		2	6.99	4.73	34.11	7.3	4.19	0.105	0.2216	0.0132	0.0116	0.3385
2002	182	1400	23	2.0574	1.6668	1.3796	0.51792		2	6.97	4.7	35.26	7.3	4.1	0.105	0.217	0.0131	0.0114	0.3321
2002	182	1500	23	2.06	1.6705	1.3851	0.52739		2	6.96	4.63	34.77	7.28	4.07	0.104	0.2158	0.0129	0.0113	0.3315
2002	182	1600	23	2.0625	1.6752	1.3908	0.54706		2	6.85	4.61	33.78	7.15	4.1	0.101	0.2215	0.0128	0.0114	0.3518
2002	182	1700	23	2.0642	1.6788	1.3964	0.5723		2	6.81	4.55	32.55	7.08	4.11	0.099	0.2241	0.0127	0.0114	0.3624
2002	182	1800	23	2.0663	1.6827	1.4022	0.59488		2	6.76	4.49	31.51	7.02	4.11	0.097	0.2263	0.0125	0.0114	0.3722
2002	182	1900	23	2.0687	1.6861	1.4076	0.61962		2	6.77	4.42	30.41	7.01	4.1	0.097	0.2262	0.0123	0.0114	0.3735
2002	182	2000	23	2.0704	1.6895	1.4125	0.64228		2	6.72	4.38	29.44	6.94	4.12	0.095	0.2292	0.0122	0.0114	0.3858
2002	182	2100	23	2.0725	1.6926	1.4177	0.66355		2	6.73	4.3	28.56	6.93	4.09	0.095	0.2281	0.012	0.0114	0.3841
2002	182	2200	23	2.0735	1.6952	1.4208	0.68419		2	6.65	4.3	27.74	6.84	4.14	0.092	0.2337	0.0119	0.0115	0.4047
2002	182	2300	23	2.0749	1.6975	1.4243	0.70099		2	6.63	4.26	27.09	6.81	4.14	0.092	0.2345	0.0118	0.0115	0.409
2002	182	2400	23	2.0759	1.6992	1.4267	0.71541		2	6.61	4.24	26.54	6.78	4.15	0.091	0.2361	0.0118	0.0115	0.4154
2002	183	100	23	2.077	1.7008	1.4289	0.72848		2	6.6	4.22	26.05	6.76	4.16	0.09	0.2373	0.0117	0.0116	0.42
2002	183	200	23	2.078	1.7022	1.4311	0.74005		2	6.6	4.19	25.63	6.76	4.15	0.09	0.2373	0.0116	0.0115	0.4205
2002	183	300	23	2.0782	1.7031	1.4327	0.7504		2	6.59	4.17	25.26	6.74	4.16	0.09	0.2382	0.0116	0.0116	0.4249
2002	183	400	23	2.079	1.7041	1.4342	0.76108		2	6.59	4.15	24.88	6.73	4.16	0.09	0.2385	0.0115	0.0116	0.4259
2002	183	500	23	2.0797	1.7048	1.4363	0.77096		2	6.64	4.1	24.53	6.78	4.12	0.091	0.235	0.0114	0.0115	0.4138
2002	183	600	23	2.0797	1.7055	1.4362	0.77438		2	6.57	4.13	24.41	6.7	4.17	0.089	0.2402	0.0115	0.0116	0.4327
2002	183	700	23	2.0797	1.7046	1.4349	0.76444		2	6.6	4.14	24.76	6.75	4.15	0.09	0.2377	0.0115	0.0115	0.4227
2002	183	800	23	2.0786	1.7031	1.4328	0.74568		2	6.61	4.16	25.43	6.77	4.14	0.09	0.2361	0.0116	0.0115	0.4174
2002	183	900	23	2.0779	1.7007	1.4286	0.63911		2	6.67	4.22	29.57	6.89	3.97	0.094	0.2223	0.0117	0.011	0.379
2002	183	1000	23	2.0775	1.699	1.4257	0.58672		2	6.71	4.26	31.88	6.97	3.88	0.096	0.215	0.0118	0.0108	0.3581
2002	183	1100	23	2.0758	1.6966	1.4221	0.60777		2	6.71	4.3	30.93	6.95	3.96	0.095	0.2202	0.0119	0.011	0.3693
2002	183	1200	23	2.0734	1.6926	1.4158	0.54381		2	6.74	4.38	33.94	7.03	3.89	0.098	0.2135	0.0122	0.0108	0.3499
2002	183	1300	23	2.0727	1.6911	1.4131	0.53491		2	6.74	4.42	34.38	7.04	3.9	0.098	0.2138	0.0123	0.0108	0.3493
2002	183	1400	23	2.0736	1.6933	1.416	0.5404		2	6.69	4.41	34.11	6.98	3.9	0.096	0.2157	0.0123	0.0108	0.3583
2002	183	1500	23	2.0765	1.6967	1.4203	0.4901		2	6.7	4.38	36.77	7.04	3.75	0.098	0.2059	0.0122	0.0104	0.3365
2002	183	1600	23	2.0788	1.7013	1.4267	0.49583		2	6.63	4.34	36.45	6.96	3.73	0.096	0.207	0.0121	0.0104	0.3458
2002	183	1700	23	2.0811	1.7065	1.4338	0.57385		2	6.5	4.28	32.48	6.77	3.87	0.09	0.221	0.0119	0.0108	0.391
2002	183	1800	23	2.0833	1.7096	1.4393	0.60149		2	6.53	4.2	31.21	6.77	3.86	0.091	0.2198	0.0117	0.0107	0.3878
2002	183	1900	23	2.0847	1.7129	1.4435	0.62307		2	6.45	4.18	30.26	6.67	3.89	0.088	0.2251	0.0116	0.0108	0.4097
2002	183	2000	23	2.0864	1.7164	1.4489	0.64721		2	6.41	4.13	29.23	6.62	3.89	0.086	0.2272	0.0115	0.0108	0.4208
2002	183	2100	23	2.0882	1.719	1.4528	0.66984		2	6.4	4.08	28.31	6.59	3.9	0.086	0.2283	0.0113	0.0108	0.4256
2002	183	2200	23	2.0892	1.7213	1.4558	0.68737		2	6.35	4.07	27.61	6.53	3.92	0.084	0.232	0.0113	0.0109	0.4418
2002	183	2300	23	2.0902	1.723	1.4588	0.70247		2	6.35	4.02	27.03	6.52	3.91	0.084	0.2315	0.0112	0.0109	0.4415
2002	183	2400	23	2.0914	1.7243	1.461	0.7169		2	6.37	3.99	26.48	6.54	3.91	0.084	0.2307	0.0111	0.0109	0.438
2002	184	100	23	2.092	1.7256	1.4633	0.73268		2	6.37	3.96	25.9	6.52	3.91	0.084	0.2313	0.011	0.0109	0.4413
2002	184	200	23	2.0927	1.7271	1.465	0.74638		2	6.32	3.96	25.4	6.47	3.93	0.082	0.2348	0.011	0.0109	0.4554
2002	184	300	23	2.0935	1.7286	1.467	0.75871		2	6.3	3.94	24.96	6.44	3.95	0.082	0.2367	0.011	0.011	0.4641
2002	184	400	23	2.0937	1.7293	1.4677	0.76586		2	6.27	3.95	24.71	6.41	3.97	0.081	0.2391	0.011	0.011	0.4745
2002	184	500	23	2.0944	1.7298	1.4685	0.77172		2	6.29	3.93	24.5	6.42	3.96	0.081	0.2383	0.0109	0.011	0.4702
2002	184	600	23	2.094	1.7297	1.4684	0.77164		2	6.27	3.94	24.51	6.41	3.97	0.081	0.2391	0.0109	0.011	0.4743
2002	184	700	23	2.0933	1.7286	1.4664	0.7611		2	6.26	3.97	24.88	6.4	3.98	0.081	0.2398	0.011	0.0111	0.4762
2002	184	800	23	2.0922	1.7255	1.4628	0.73139		2	6.37	3.97	25.95	6.53	3.92	0.084	0.2318	0.011	0.0109	0.4419
2002	184	900	23	2.0918	1.7237	1.4596	0.62783		2	6.42	4.02	30.05	6.64	3.75	0.087	0.2179	0.0112	0.0104	0.4004
2002	184	1000	23	2.0914	1.7217	1.4567	0.58657		2	6.49	4.04	31.89	6.74	3.68	0.09	0.2107	0.0112	0.0102	0.3755
2002	184	1100	23	2.0907	1.7207	1.4544	0.56293		2	6.46	4.09	33	6.73	3.67	0.09	0.2105	0.0114	0.0102	0.376
2002	184	1200	23	2.0897	1.7185	1.4508	0.52878		2	6.49	4.13	34.7	6.79	3.63	0.091	0.2066	0.0115	0.0101	0.3629
2002	184	1300	23	2.088	1.715	1.4452	0.49227		2	6.53	4.2	36.65	6.86	3.6	0.093	0.2027	0.0117	0.01	0.3488
2002	184	1400	23	2.0897	1.7178	1.4487	0.49027		2	6.49	4.18	36.76	6.82	3.58	0.092	0.2029	0.0116	0.01	0.3534
2002	184	1500	23	2.091	1.7197	1.4507	0.47766		2	6.46	4.18	37.47	6.8	3.55	0.091	0.202	0.0116	0.0099	0.3539
2002	184	1600	23	2.0934	1.7245	1.4569	0.48505		2	6.37	4.16	37.05	6.69	3.55	0.088	0.2048	0.0116	0.0099	0.3702
2002	184	1700	23	2.0958	1.7292	1.4639	0.50314		2	6.31	4.09	36.05	6.62	3.54	0.087	0.2063	0.0114	0.0098	0.3814
2002	184	1800	23	2.0969	1.7334	1.4698	0.5839		2	6.17	4.05	32.01	6.42	3.68	0.081	0.2218	0.0113	0.0102	0.4387
2002	184	1900	23	2.0993	1.7371	1.4759	0.61486		2	6.18	3.97	30.62	6.4	3.68	0.08	0.2219	0.011	0.0102	0.4412
2002	184	2000	23	2.1014	1.7402	1.4798	0.56744		2	6.16	3.96	32.78	6.41	3.56	0.081	0.2146	0.011	0.0099	0.4245
2002	184	2100	23	2.1035	1.7442	1.4859	0.58334		2	6.13	3.9	32.04	6.37	3.54	0.08	0.215	0.0108	0.0099	0.4323
2002	184	2200	23	2.1052	1.7476	1.4909	0.59705		2	6.09	3.86	31.41	6.32	3.54	0.078	0.2162	0.0107	0.0098	0.4427
2002	184	2300	23	2.1069	1.7496	1.4938	0.60454		2	6.1	3.83	31.07	6.32	3.52	0.078	0.2151	0.0106	0.0098	0.4395
2002	184	2400	23	2.1083	1.752	1.4971	0.61452		2	6.07	3.8	30.63	6.29	3.52	0.077	0.2162	0.0106	0.0098	0.4473
2002	185	100	23	2.1095	1.7543	1.5003	0.62449		2	6.04	3.78	30.2	6.25	3.52	0.076	0.2176	0.0105	0.0098	0.4566
2002	185	200	23	2.1103	1.7562	1.5031	0.63408		2	6.01	3.76	29.79	6.21	3.52	0.075	0.2189	0.0104	0.0098	0.4656
2002	185	300	23	2.1114	1.7573	1.5046	0.67807		2	6.01	3.74	27.98	6.18	3.58	0.074	0.2239	0.0104	0.01	0.4809
2002	185	400	23	2.1114	1.7589	1.5074	0.73093		2	5.95	3.71	25.96	6.1	3.66	0.072	0.2315	0.0103	0.0102	0.5131
2002	185	500	23	2.1114	1.7593	1.5076	0.74426		2	5.92	3.72	25.48	6.06	3.69	0.071	0.2353	0.0103	0.0103	0.5299
2002	185	600	23	2.111	1.7584	1.5067	0.74483		2	5.95	3.71	25.46	6.09	3.69	0.072	0.2339	0.0103	0.0103	0.5207
2002	185	700	23	2.1105	1.7564	1.5038	0.73095		2	6	3.73	25.96	6.15	3.68	0.074	0.231	0.0104	0.0102	0.5026
2002	185	800	23	2.1092	1.7535	1.4993	0.62883		2	6.06	3.78	30.01	6.26	3.53	0.077	0.2176	0.0105	0.0098	0.4537
2002	185	900	23	2.1088	1.7521	1.4963	0.59853		2	6.06	3.83	31.34	6.29	3.51	0.077	0.2159	0.0106	0.0098	0.4468
2002	185	1000	23	2.1081	1.7502	1.4933	0.5638		2	6.09	3.86	32.96	6.35	3.47	0.079	0.2111	0.0107	0.0096	0.4276
2002	185	1100	23	2.1066	1.7471	1.4882	0.52946		2	6.12	3.92	34.66	6.4	3.45	0.08	0.2081	0.0109	0.0096	0.4141
2002	185	1200	23	2.1053	1.7449	1.4851	0.51349		2	6.14	3.95	35.5	6.44	3.44	0.081	0.2062	0.011	0.0096	0.4049
2002	185	1300	23	2.1063	1.7469	1.4877	0.51333		2	6.11	3.94	35.5	6.4	3.43	0.08	0.2068	0.0109	0.0095	0.4112
2002	185	1400	23	2.1055	1.7447	1.4844	0.47804		2	6.16	3.97	37.45	6.48	3.37	0.083	0.2009	0.011	0.0094	0.3887
2002	185	1500	23	2.107	1.7474	1.4883	0.48857		2	6.13	3.93	36.85	6.44	3.37	0.082	0.2019	0.0109	0.0094	0.3957
2002	185	1600	23	2.1094	1.7517	1.4941	0.50233		2	6.07	3.9	36.09	6.37	3.37	0.08	0.2041	0.0108	0.0094	0.4105
2002	185	1700	23	2.111	1.7554	1.5	0.52358		2	6.03	3.84	34.97	6.31	3.36	0.078	0.2058	0.0107	0.0093	0.4226
2002	185	1800	23	2.1147	1.7617	1.5085	0.5566		2	5.95	3.78	33.31	6.2	3.38	0.075	0.2105	0.0105	0.0094	0.4497
2002	185	1900	23	2.1167	1.7657	1.5146	0.57862		2	5.91	3.72	32.26	6.14	3.37	0.073	0.2121	0.0103	0.0094	0.4629
2002	185	2000	23	2.1185	1.7689	1.5191	0.5937		2	5.87	3.69	31.56	6.1	3.37	0.072	0.2137	0.0103	0.0094	0.4749
2002	185	2100	23	2.1202	1.7712	1.5226	0.60606		2	5.88	3.65	31	6.09	3.36	0.072	0.2131	0.0101	0.0093	0.4739
2002	185	2200	23	2.1212	1.7734	1.5255	0.61837		2	5.83	3.63	30.46	6.04	3.37	0.07	0.2157	0.0101	0.0094	0.4901
2002	185	2300	23	2.1226	1.7757	1.5283	0.62795		2	5.8	3.62	30.05	6	3.38	0.069	0.2178	0.0101	0.0094	0.5039
2002	185	2400	23	2.1235	1.7771	1.5305	0.63754		2	5.79	3.6	29.64	5.99	3.38	0.069	0.2178	0.01	0.0094	0.5051
2002	186	100	23	2.1243	1.7786	1.5327	0.64713		2	5.78	3.58	29.24	5.97	3.38	0.068	0.2186	0.01	0.0094	0.5116
2002	186	200	23	2.1247	1.7801	1.5349	0.65298		2	5.74	3.57	28.99	5.93	3.38	0.067	0.22	0.0099	0.0094	0.5234
2002	186	300	23	2.1252	1.7808	1.5362	0.65877		2	5.75	3.55	28.76	5.93	3.37	0.067	0.2193	0.0099	0.0094	0.52
2002	186	400	23	2.126	1.7815	1.5373	0.66423		2	5.77	3.53	28.53	5.95	3.36	0.068	0.2183	0.0098	0.0093	0.5147
2002	186	500	23	2.126	1.7822	1.5383	0.66967		2	5.74	3.53	28.32	5.92	3.37	0.067	0.22	0.0098	0.0094	0.5253
2002	186	600	23	2.1264	1.7828	1.539	0.66898		2	5.74	3.53	28.34	5.91	3.37	0.067	0.2201	0.0098	0.0094	0.5274
2002	186	700	23	2.1251	1.7816	1.5378	0.73992		2	5.72	3.52	25.63	5.86	3.49	0.065	0.2303	0.0098	0.0097	0.5649
2002	186	800	23	2.1244	1.7789	1.5338	0.64573		2	5.8	3.56	29.3	5.99	3.35	0.069	0.2161	0.0099	0.0093	0.5011
2002	186	900	23	2.1228	1.7763	1.5292	0.61897		2	5.79	3.62	30.44	5.99	3.36	0.069	0.2166	0.0101	0.0093	0.5015
2002	186	1000	23	2.1226	1.7747	1.5264	0.5877		2	5.83	3.65	31.84	6.05	3.33	0.071	0.2123	0.0101	0.0092	0.4801
2002	186	1100	23	2.121	1.7713	1.5209	0.55259		2	5.86	3.71	33.5	6.11	3.31	0.072	0.2093	0.0103	0.0092	0.4631
2002	186	1200	23	2.1175	1.7659	1.5135	0.51129		2	5.91	3.77	35.61	6.19	3.27	0.075	0.2044	0.0105	0.0091	0.4381
2002	186	1300	23	2.1164	1.7637	1.5102	0.49205		2	5.93	3.8	36.66	6.23	3.26	0.076	0.202	0.0106	0.0091	0.426
2002	186	1400	23	2.1173	1.7653	1.5118	0.49524		2	5.89	3.81	36.48	6.19	3.27	0.075	0.2043	0.0106	0.0091	0.4388
2002	186	1500	23	1.8101	1.2596	0.84272	0.65056		2	14.79	9.54	29.09	15.27	9.02	0.269	0.2281	0.0265	0.0251	0.1359
2002	186	1600	23	1.7849	1.2212	0.78672	0.66728		2	15.61	10.64	28.41	16.08	10.15	0.281	0.2437	0.0296	0.0282	0.1389
2002	186	1700	23	1.7831	1.2198	0.78202	0.66389		2	15.46	10.91	28.55	15.94	10.39	0.279	0.2518	0.0303	0.0289	0.1445
2002	186	1800	23	1.7832	1.2206	0.77978	0.64193		2	15.28	11.17	29.45	15.79	10.51	0.276	0.2571	0.0311	0.0292	0.1488
2002	186	1900	23	1.7842	1.2229	0.78251	0.64533		2	15.16	11.16	29.31	15.65	10.52	0.274	0.2596	0.031	0.0292	0.1513
2002	186	2000	23	1.7862	1.2261	0.78597	0.65424		2	15.01	11.15	28.94	15.49	10.56	0.272	0.2633	0.031	0.0294	0.1549
2002	186	2100	23	1.7879	1.2294	0.79018	0.66491		2	14.87	11.1	28.51	15.32	10.57	0.269	0.2665	0.0309	0.0294	0.1583
2002	186	2200	23	1.7899	1.2329	0.79435	0.67557		2	14.71	11.06	28.08	15.15	10.6	0.267	0.2703	0.0308	0.0295	0.1621
2002	186	2300	23	1.7916	1.2351	0.79782	0.73924		2	14.64	10.93	25.66	14.99	10.83	0.264	0.279	0.0304	0.0301	0.169
