Year	DOY	Hour	Site	V1	V2	V3	V4		Soil	Ercent	Eicent	Temp	Ercent25	Eicent25	waterwfv	NACLburden	concent	concent25	watercond											
2002	183	1300	14	2.0347	1.5417	1.1565	0.50459		2	9.46	7.57	35.97	9.92	6.55	0.168	0.2551	0.0211	0.0182	0.2427
2002	183	1400	14	2.0355	1.5423	1.1569	0.51809		2	9.45	7.57	35.25	9.89	6.61	0.168	0.258	0.021	0.0184	0.2463
2002	183	1500	14	2.0376	1.5463	1.1628	0.53317		2	9.37	7.49	34.47	9.8	6.6	0.165	0.2602	0.0208	0.0183	0.2517
2002	183	1600	14	2.0408	1.5503	1.168	0.5345		2	9.35	7.43	34.41	9.77	6.55	0.165	0.2591	0.0207	0.0182	0.2516
2002	183	1700	14	2.0423	1.554	1.1739	0.56368		2	9.27	7.34	32.96	9.65	6.59	0.162	0.2639	0.0204	0.0183	0.2605
2002	183	1800	14	2.0469	1.5612	1.1841	0.58835		2	9.17	7.2	31.81	9.53	6.57	0.159	0.2663	0.02	0.0183	0.2675
2002	183	1900	14	2.0509	1.5679	1.194	0.61399		2	9.09	7.07	30.65	9.41	6.54	0.157	0.2684	0.0197	0.0182	0.274
2002	183	2000	14	2.0556	1.5751	1.2043	0.64117		2	9.01	6.93	29.49	9.31	6.52	0.154	0.2704	0.0193	0.0181	0.2805
2002	183	2100	14	2.0599	1.5818	1.2139	0.66432		2	8.94	6.81	28.53	9.21	6.48	0.152	0.2719	0.0189	0.018	0.2862
2002	183	2200	14	2.0634	1.5871	1.2213	0.68216		2	8.88	6.72	27.82	9.13	6.46	0.15	0.2733	0.0187	0.018	0.2911
2002	183	2300	14	2.0662	1.5916	1.2277	0.69733		2	8.82	6.65	27.23	9.06	6.44	0.149	0.2745	0.0185	0.0179	0.2956
2002	183	2400	14	2.069	1.5959	1.2338	0.71128		2	8.78	6.57	26.69	9.01	6.42	0.147	0.2752	0.0183	0.0178	0.2991
2002	184	100	14	2.0713	1.5992	1.2386	0.72572		2	8.75	6.51	26.15	8.97	6.4	0.146	0.2756	0.0181	0.0178	0.3011
2002	184	200	14	2.0739	1.6031	1.244	0.74173		2	8.71	6.45	25.57	8.92	6.39	0.145	0.277	0.0179	0.0178	0.3055
2002	184	300	14	2.0764	1.6069	1.2496	0.75839		2	8.68	6.37	24.97	8.87	6.37	0.144	0.2774	0.0177	0.0177	0.3082
2002	184	400	14	2.078	1.6094	1.2531	0.76688		2	8.65	6.33	24.67	8.84	6.36	0.143	0.2781	0.0176	0.0177	0.3107
2002	184	500	14	2.079	1.6109	1.2554	0.77059		2	8.64	6.3	24.54	8.83	6.34	0.143	0.2774	0.0175	0.0176	0.3104
2002	184	600	14	2.0791	1.611	1.2553	0.76544		2	8.64	6.31	24.72	8.83	6.33	0.143	0.2772	0.0175	0.0176	0.3104
2002	184	700	14	2.0785	1.6094	1.2527	0.75079		2	8.67	6.34	25.24	8.87	6.32	0.144	0.2754	0.0176	0.0176	0.3062
2002	184	800	14	2.0763	1.6053	1.2465	0.72521		2	8.73	6.42	26.17	8.95	6.32	0.146	0.2728	0.0179	0.0176	0.2995
2002	184	900	14	2.072	1.5987	1.2368	0.68961		2	8.79	6.55	27.53	9.04	6.33	0.148	0.2704	0.0182	0.0176	0.2926
2002	184	1000	14	2.0663	1.5899	1.224	0.63436		2	8.88	6.73	29.77	9.18	6.3	0.151	0.265	0.0187	0.0175	0.2803
2002	184	1100	14	2.0609	1.5809	1.2107	0.58898		2	8.99	6.91	31.78	9.34	6.3	0.155	0.2606	0.0192	0.0175	0.269
2002	184	1200	14	2.0533	1.5694	1.194	0.54662		2	9.1	7.14	33.8	9.5	6.34	0.159	0.258	0.0198	0.0176	0.2602
2002	184	1300	14	2.0522	1.5679	1.1918	0.54305		2	9.11	7.17	33.97	9.51	6.36	0.159	0.2584	0.0199	0.0177	0.2602
2002	184	1400	14	2.0505	1.5655	1.1881	0.53597		2	9.12	7.23	34.33	9.52	6.39	0.159	0.259	0.0201	0.0178	0.2603
2002	184	1500	14	2.0507	1.5644	1.1857	0.49826		2	9.17	7.29	36.32	9.62	6.28	0.161	0.2521	0.0203	0.0175	0.2497
2002	184	1600	14	2.0488	1.562	1.182	0.49208		2	9.16	7.36	36.66	9.62	6.31	0.162	0.2533	0.0205	0.0175	0.2509
2002	184	1700	14	2.0528	1.5687	1.1918	0.53509		2	9.06	7.21	34.38	9.47	6.37	0.158	0.2597	0.0201	0.0177	0.2632
2002	184	1800	14	2.0581	1.5775	1.2048	0.57309		2	8.95	7.03	32.52	9.31	6.35	0.154	0.2636	0.0195	0.0177	0.2733
2002	184	1900	14	2.0642	1.587	1.2185	0.6062		2	8.85	6.85	31	9.17	6.31	0.151	0.2659	0.019	0.0175	0.2815
2002	184	2000	14	2.0686	1.594	1.2284	0.62996		2	8.76	6.73	29.96	9.06	6.29	0.148	0.2681	0.0187	0.0175	0.2889
2002	184	2100	14	2.0731	1.601	1.2386	0.65646		2	8.69	6.6	28.85	8.97	6.26	0.146	0.2695	0.0183	0.0174	0.2948
2002	184	2200	14	2.0763	1.6058	1.2454	0.66926		2	8.65	6.52	28.33	8.91	6.22	0.145	0.2697	0.0181	0.0173	0.2978
2002	184	2300	14	2.0782	1.6086	1.2494	0.67652		2	8.63	6.47	28.04	8.88	6.2	0.144	0.2696	0.018	0.0172	0.2991
2002	184	2400	14	2.0804	1.6119	1.2541	0.6902		2	8.6	6.41	27.5	8.84	6.19	0.143	0.2705	0.0178	0.0172	0.3022
2002	185	100	14	2.0827	1.6156	1.2594	0.70392		2	8.55	6.35	26.97	8.79	6.17	0.142	0.2715	0.0176	0.0172	0.3061
2002	185	200	14	2.0845	1.6185	1.2636	0.71488		2	8.52	6.3	26.56	8.75	6.16	0.141	0.2721	0.0175	0.0171	0.3089
2002	185	300	14	2.0864	1.6212	1.2675	0.72603		2	8.51	6.25	26.14	8.72	6.15	0.14	0.2723	0.0174	0.0171	0.3104
2002	185	400	14	2.0878	1.6236	1.2708	0.73559		2	8.47	6.22	25.79	8.67	6.15	0.139	0.2737	0.0173	0.0171	0.3145
2002	185	500	14	2.0891	1.6256	1.2737	0.74308		2	8.45	6.18	25.52	8.65	6.13	0.139	0.2739	0.0172	0.0171	0.316
2002	185	600	14	2.0897	1.626	1.2741	0.73909		2	8.46	6.18	25.66	8.66	6.12	0.139	0.2728	0.0172	0.017	0.3139
2002	185	700	14	2.0884	1.6237	1.2704	0.72092		2	8.48	6.23	26.33	8.7	6.12	0.14	0.2716	0.0173	0.017	0.3108
2002	185	800	14	2.0865	1.6201	1.265	0.69804		2	8.53	6.3	27.2	8.77	6.11	0.142	0.269	0.0175	0.017	0.304
2002	185	900	14	2.0824	1.6142	1.2565	0.66945		2	8.58	6.41	28.32	8.84	6.12	0.143	0.2675	0.0178	0.017	0.299
2002	185	1000	14	2.078	1.6074	1.2469	0.63409		2	8.66	6.52	29.79	8.95	6.11	0.146	0.2637	0.0181	0.017	0.2894
2002	185	1100	14	2.0696	1.5936	1.2266	0.54972		2	8.83	6.8	33.64	9.21	6.05	0.152	0.254	0.0189	0.0168	0.2675
2002	185	1200	14	2.0613	1.5812	1.2086	0.51629		2	8.93	7.04	35.35	9.35	6.14	0.155	0.2536	0.0196	0.0171	0.2613
2002	185	1300	14	2.0562	1.5727	1.1961	0.48026		2	9.04	7.22	37.32	9.51	6.14	0.159	0.2493	0.0201	0.0171	0.251
2002	185	1400	14	2.0541	1.5694	1.1908	0.47789		2	9.05	7.3	37.46	9.52	6.21	0.159	0.2516	0.0203	0.0173	0.2528
2002	185	1500	14	2.0572	1.5743	1.1978	0.47902		2	9	7.22	37.39	9.47	6.14	0.158	0.2503	0.0201	0.0171	0.2535
2002	185	1600	14	2.0578	1.576	1.2004	0.49358		2	8.95	7.18	36.57	9.4	6.17	0.156	0.2535	0.02	0.0171	0.2594
2002	185	1700	14	1.8608	1.2832	0.83004	0.61968		2	14.9	10.99	30.4	15.42	10.21	0.271	0.2557	0.0306	0.0284	0.151
2002	185	1800	14	1.8996	1.342	0.90024	0.67102		2	13.06	10.33	28.26	13.46	9.87	0.239	0.2833	0.0287	0.0274	0.1899
2002	185	1900	14	1.8936	1.3331	0.88841	0.68672		2	13.24	10.5	27.64	13.62	10.12	0.242	0.2869	0.0292	0.0281	0.1901
2002	185	2000	14	1.8893	1.3266	0.88033	0.70711		2	13.4	10.58	26.85	13.75	10.3	0.244	0.2894	0.0294	0.0286	0.1898
2002	185	2100	14	1.8853	1.3206	0.87245	0.7206		2	13.52	10.68	26.34	13.87	10.48	0.246	0.2919	0.0297	0.0291	0.19
2002	185	2200	14	1.8812	1.3144	0.86458	0.73058		2	13.68	10.78	25.97	14.02	10.63	0.248	0.2929	0.03	0.0295	0.1887
2002	185	2300	14	1.8775	1.3089	0.85734	0.74136		2	13.8	10.88	25.58	14.13	10.79	0.25	0.2951	0.0302	0.03	0.1887
2002	185	2400	14	1.8739	1.3035	0.85019	0.75084		2	13.92	10.99	25.24	14.24	10.95	0.252	0.297	0.0305	0.0304	0.1885
2002	186	100	14	1.8705	1.2986	0.84416	0.76055		2	14.04	11.05	24.89	14.35	11.07	0.254	0.2979	0.0307	0.0308	0.1877
2002	186	200	14	1.8674	1.294	0.83821	0.76664		2	14.15	11.14	24.68	14.46	11.19	0.256	0.2989	0.031	0.0311	0.187
2002	186	300	14	1.8647	1.2899	0.83283	0.77339		2	14.25	11.21	24.45	14.55	11.3	0.257	0.3	0.0312	0.0314	0.1866
2002	186	400	14	1.8624	1.2866	0.82885	0.7799		2	14.34	11.26	24.22	14.64	11.38	0.259	0.3004	0.0313	0.0316	0.1859
2002	186	500	14	1.8609	1.2843	0.82602	0.78798		2	14.4	11.28	23.94	14.69	11.46	0.259	0.3012	0.0314	0.0318	0.1857
2002	186	600	14	1.8591	1.2816	0.82236	0.78629		2	14.47	11.35	24	14.76	11.51	0.261	0.3012	0.0315	0.032	0.185
2002	186	700	14	1.8572	1.2781	0.8169	0.77469		2	14.56	11.47	24.4	14.87	11.57	0.262	0.3006	0.0319	0.0322	0.1834
2002	186	800	14	1.8542	1.2732	0.80924	0.74958		2	14.67	11.67	25.29	15.01	11.62	0.265	0.2991	0.0324	0.0323	0.1808
2002	186	900	14	1.8506	1.2679	0.80055	0.72463		2	14.75	11.93	26.19	15.12	11.73	0.266	0.2997	0.0332	0.0326	0.1801
2002	186	1000	14	1.8464	1.2616	0.79027	0.67608		2	14.87	12.26	28.06	15.31	11.75	0.269	0.2964	0.0341	0.0327	0.1762
2002	186	1100	14	1.8445	1.2588	0.78488	0.65052		2	14.88	12.47	29.1	15.36	11.79	0.27	0.2965	0.0347	0.0328	0.1757
2002	186	1200	14	1.8404	1.2531	0.77431	0.59186		2	14.92	12.91	31.64	15.49	11.8	0.272	0.2942	0.0359	0.0328	0.1731
2002	186	1300	14	1.8448	1.2592	0.78115	0.58619		2	14.72	12.85	31.9	15.29	11.7	0.269	0.2957	0.0357	0.0325	0.176
2002	186	1400	14	1.8469	1.2635	0.78745	0.60552		2	14.54	12.71	31.03	15.08	11.71	0.266	0.3	0.0353	0.0325	0.1807
2002	186	1500	14	1.8556	1.2766	0.80911	0.68783		2	14.34	12.01	27.6	14.75	11.58	0.26	0.3034	0.0334	0.0322	0.1864
2002	186	1600	14	1.8597	1.2814	0.81595	0.70429		2	14.3	11.82	26.96	14.69	11.5	0.259	0.3026	0.0329	0.032	0.1866
2002	186	1700	14	1.8583	1.2797	0.81307	0.67892		2	14.31	11.94	27.95	14.73	11.46	0.26	0.3003	0.0332	0.0318	0.1847
2002	186	1800	14	1.8584	1.2801	0.8131	0.67889		2	14.26	11.97	27.95	14.68	11.49	0.259	0.3022	0.0333	0.0319	0.1865
2002	186	1900	14	1.8594	1.2818	0.8161	0.69252		2	14.23	11.87	27.41	14.64	11.48	0.259	0.3029	0.033	0.0319	0.1874
2002	186	2000	14	1.8602	1.2832	0.81859	0.70579		2	14.21	11.79	26.9	14.59	11.48	0.258	0.3039	0.0328	0.0319	0.1885
2002	186	2100	14	1.8613	1.2848	0.82139	0.7202		2	14.19	11.69	26.36	14.56	11.47	0.257	0.3044	0.0325	0.0319	0.1893
2002	186	2200	14	1.8622	1.2863	0.82387	0.73143		2	14.16	11.62	25.94	14.51	11.47	0.257	0.3052	0.0323	0.0319	0.1903
2002	186	2300	14	1.8633	1.2877	0.82642	0.74176		2	14.17	11.53	25.57	14.5	11.44	0.256	0.3046	0.032	0.0318	0.19
2002	186	2400	14	1.8644	1.2893	0.82904	0.75134		2	14.15	11.45	25.22	14.47	11.41	0.256	0.3047	0.0318	0.0317	0.1905
2002	187	100	14	1.8653	1.2909	0.83137	0.76064		2	14.1	11.4	24.89	14.41	11.42	0.255	0.3061	0.0317	0.0317	0.1921
2002	187	200	14	1.866	1.2918	0.83305	0.76617		2	14.1	11.34	24.7	14.41	11.39	0.255	0.3054	0.0315	0.0317	0.1917
2002	187	300	14	1.8667	1.2928	0.83471	0.77069		2	14.09	11.29	24.54	14.39	11.37	0.255	0.305	0.0314	0.0316	0.1917
2002	187	400	14	1.8671	1.2935	0.8358	0.77375		2	14.07	11.27	24.43	14.37	11.36	0.254	0.3052	0.0313	0.0316	0.192
2002	187	500	14	1.8675	1.2941	0.8368	0.7777		2	14.07	11.24	24.3	14.36	11.35	0.254	0.3053	0.0312	0.0316	0.1922
2002	187	600	14	1.8677	1.2943	0.83702	0.77546		2	14.07	11.23	24.37	14.36	11.34	0.254	0.3049	0.0312	0.0315	0.1919
2002	187	700	14	1.8678	1.2937	0.83533	0.76443		2	14.09	11.3	24.76	14.39	11.34	0.255	0.3043	0.0314	0.0315	0.1912
2002	187	800	14	1.867	1.292	0.83198	0.74047		2	14.12	11.42	25.61	14.46	11.32	0.256	0.3024	0.0317	0.0315	0.1892
2002	187	900	14	1.8668	1.2909	0.82839	0.71268		2	14.11	11.59	26.64	14.48	11.33	0.256	0.3023	0.0322	0.0315	0.1889
2002	187	1000	14	1.8646	1.2889	0.82475	0.67701		2	14.07	11.76	28.02	14.49	11.28	0.256	0.3008	0.0327	0.0314	0.1879
2002	187	1100	14	1.8645	1.2885	0.82253	0.64458		2	14.04	11.91	29.34	14.5	11.22	0.256	0.299	0.0331	0.0312	0.1866
2002	187	1200	14	1.8648	1.2888	0.821	0.61109		2	13.97	12.07	30.78	14.47	11.16	0.256	0.2977	0.0336	0.031	0.1861
2002	187	1300	14	1.8683	1.2956	0.83098	0.64165		2	13.74	11.86	29.47	14.19	11.15	0.251	0.3036	0.033	0.031	0.1933
2002	187	1400	14	1.8709	1.2991	0.83891	0.70287		2	13.79	11.49	27.01	14.16	11.17	0.251	0.3047	0.032	0.0311	0.1944
2002	187	1500	14	1.858	1.2797	0.81485	0.7357		2	14.33	11.78	25.79	14.67	11.65	0.259	0.3066	0.0327	0.0324	0.1892
2002	187	1600	14	1.8461	1.2619	0.79191	0.74683		2	14.81	12.13	25.38	15.16	12.06	0.267	0.3073	0.0337	0.0335	0.1843
2002	187	1700	14	1.8359	1.2463	0.77106	0.74721		2	15.24	12.5	25.37	15.6	12.43	0.274	0.3078	0.0347	0.0346	0.18
2002	187	1800	14	1.8242	1.2288	0.74805	0.75158		2	15.75	12.91	25.21	16.11	12.87	0.281	0.3085	0.0359	0.0358	0.1756
2002	187	1900	14	1.8169	1.2184	0.73417	0.74876		2	16.02	13.19	25.31	16.4	13.13	0.285	0.3094	0.0367	0.0365	0.1736
2002	187	2000	14	1.8124	1.2121	0.72611	0.7589		2	16.2	13.34	24.95	16.56	13.34	0.288	0.3113	0.0371	0.0371	0.1732
2002	187	2100	14	1.81	1.2087	0.72226	0.7712		2	16.31	13.37	24.52	16.66	13.46	0.289	0.312	0.0372	0.0374	0.1728
2002	187	2200	14	1.8086	1.2064	0.72002	0.78183		2	16.42	13.34	24.15	16.76	13.51	0.29	0.3112	0.0371	0.0375	0.1715
2002	187	2300	14	1.8077	1.205	0.71869	0.79133		2	16.49	13.33	23.83	16.81	13.55	0.291	0.3113	0.037	0.0377	0.1712
2002	187	2400	14	1.8077	1.2048	0.71915	0.80376		2	16.53	13.26	23.41	16.84	13.56	0.291	0.3111	0.0369	0.0377	0.1708
2002	188	100	14	1.8072	1.2042	0.71868	0.80748		2	16.55	13.25	23.29	16.86	13.58	0.292	0.3111	0.0368	0.0377	0.1706
2002	188	200	14	1.8068	1.2036	0.71819	0.81298		2	16.58	13.23	23.1	16.88	13.6	0.292	0.3112	0.0368	0.0378	0.1705
2002	188	300	14	1.8066	1.2034	0.71821	0.81644		2	16.59	13.21	22.99	16.89	13.6	0.292	0.3111	0.0367	0.0378	0.1704
2002	188	400	14	1.8066	1.2028	0.71742	0.82165		2	16.64	13.21	22.82	16.93	13.63	0.293	0.311	0.0367	0.0379	0.17
2002	188	500	14	1.8066	1.2027	0.71751	0.8237		2	16.66	13.19	22.75	16.95	13.62	0.293	0.3105	0.0367	0.0379	0.1696
2002	188	600	14	1.8063	1.2021	0.71664	0.81963		2	16.69	13.21	22.88	16.98	13.62	0.293	0.3098	0.0367	0.0379	0.169
2002	188	700	14	1.8062	1.2013	0.71444	0.80496		2	16.71	13.32	23.37	17.02	13.63	0.294	0.3094	0.037	0.0379	0.1685
2002	188	800	14	1.8051	1.1995	0.71136	0.788		2	16.76	13.43	23.94	17.09	13.64	0.295	0.3082	0.0373	0.0379	0.1672
2002	188	900	14	1.8035	1.1971	0.70694	0.76062		2	16.8	13.62	24.89	17.18	13.64	0.296	0.3068	0.0379	0.0379	0.1659
2002	188	1000	14	1.8029	1.1964	0.70455	0.73568		2	16.77	13.79	25.79	17.17	13.64	0.296	0.3068	0.0383	0.0379	0.1659
2002	188	1100	14	1.8021	1.1954	0.70339	0.73903		2	16.79	13.81	25.67	17.19	13.68	0.296	0.3073	0.0384	0.038	0.166
2002	188	1200	14	1.8025	1.1958	0.70194	0.70349		2	16.73	14	26.99	17.18	13.61	0.296	0.306	0.0389	0.0378	0.1654
2002	188	1300	14	1.8036	1.1977	0.70235	0.67459		2	16.57	14.16	28.12	17.06	13.56	0.294	0.307	0.0394	0.0377	0.1668
2002	188	1400	14	1.8062	1.2017	0.70714	0.65795		2	16.43	14.12	28.79	16.94	13.39	0.293	0.3053	0.0392	0.0372	0.1668
2002	188	1500	14	1.8093	1.2064	0.71256	0.643		2	16.25	14.07	29.41	16.78	13.24	0.291	0.3048	0.0391	0.0368	0.1678
2002	188	1600	14	1.813	1.2114	0.7185	0.64836		2	16.08	13.98	29.19	16.6	13.19	0.288	0.3069	0.0389	0.0367	0.1705
2002	188	1700	14	1.8148	1.2148	0.72495	0.67607		2	16	13.71	28.06	16.48	13.14	0.286	0.3079	0.0381	0.0365	0.172
2002	188	1800	14	1.8165	1.217	0.72877	0.68954		2	15.99	13.55	27.53	16.45	13.08	0.286	0.3073	0.0377	0.0364	0.1719
2002	188	1900	14	1.8168	1.2179	0.73112	0.70171		2	15.99	13.43	27.06	16.42	13.05	0.286	0.307	0.0373	0.0363	0.172
2002	188	2000	14	1.8175	1.219	0.73293	0.71032		2	15.96	13.37	26.73	16.38	13.05	0.285	0.3077	0.0372	0.0363	0.1727
2002	188	2100	14	1.8185	1.2203	0.73569	0.72348		2	15.97	13.23	26.24	16.38	13	0.285	0.3067	0.0368	0.0362	0.1722
2002	188	2200	14	1.8194	1.2217	0.73834	0.73473		2	15.96	13.12	25.82	16.35	12.97	0.285	0.3066	0.0365	0.0361	0.1724
2002	188	2300	14	1.8203	1.2228	0.74045	0.74496		2	15.96	13.03	25.45	16.34	12.95	0.284	0.3061	0.0362	0.036	0.1722
2002	188	2400	14	1.8209	1.224	0.74274	0.75323		2	15.93	12.94	25.15	16.3	12.92	0.284	0.3061	0.036	0.0359	0.1725
2002	189	100	14	1.8217	1.2251	0.74458	0.75958		2	15.92	12.88	24.93	16.28	12.89	0.284	0.3059	0.0358	0.0358	0.1726
2002	189	200	14	1.8224	1.226	0.74615	0.76377		2	15.92	12.82	24.78	16.27	12.86	0.283	0.3053	0.0356	0.0357	0.1724
2002	189	300	14	1.823	1.2269	0.74766	0.76864		2	15.9	12.77	24.61	16.24	12.84	0.283	0.3053	0.0355	0.0357	0.1725
2002	189	400	14	1.8235	1.2277	0.74924	0.77351		2	15.9	12.7	24.44	16.23	12.81	0.283	0.3047	0.0353	0.0356	0.1723
2002	189	500	14	1.8242	1.2287	0.75075	0.77845		2	15.87	12.66	24.27	16.2	12.79	0.283	0.3049	0.0352	0.0356	0.1727
2002	189	600	14	1.8249	1.2294	0.75204	0.77967		2	15.89	12.6	24.23	16.22	12.74	0.283	0.3035	0.035	0.0354	0.1718
2002	189	700	14	1.8259	1.2304	0.75251	0.7712		2	15.85	12.64	24.52	16.19	12.73	0.282	0.3036	0.0351	0.0354	0.172
2002	189	800	14	1.828	1.2328	0.75483	0.75417		2	15.8	12.64	25.12	16.16	12.62	0.282	0.3017	0.0351	0.0351	0.1713
2002	189	900	14	1.8299	1.2362	0.75855	0.73102		2	15.65	12.65	25.96	16.04	12.48	0.28	0.3006	0.0352	0.0347	0.1717
2002	189	1000	14	1.8342	1.2427	0.76605	0.70513		2	15.44	12.61	26.93	15.85	12.27	0.277	0.299	0.035	0.0341	0.1724
2002	189	1100	14	1.8392	1.2503	0.77428	0.67622		2	15.15	12.59	28.05	15.6	12.07	0.274	0.2988	0.035	0.0335	0.1747
2002	189	1200	14	1.8437	1.2571	0.78168	0.64461		2	14.91	12.58	29.34	15.4	11.85	0.271	0.2972	0.035	0.0329	0.1758
2002	189	1300	14	1.8507	1.2671	0.79334	0.63279		2	14.6	12.46	29.84	15.09	11.66	0.266	0.2985	0.0346	0.0324	0.1796
2002	189	1400	14	1.8576	1.2774	0.80641	0.62461		2	14.31	12.27	30.19	14.8	11.43	0.261	0.2982	0.0341	0.0318	0.1826
2002	189	1500	14	1.8641	1.2876	0.81963	0.6128		2	14.02	12.08	30.71	14.52	11.17	0.257	0.2972	0.0336	0.0311	0.1852
2002	189	1600	14	1.8706	1.298	0.83412	0.62802		2	13.75	11.8	30.04	14.22	11.01	0.252	0.299	0.0328	0.0306	0.19
2002	189	1700	14	1.8759	1.306	0.84522	0.64056		2	13.57	11.58	29.51	14.01	10.88	0.248	0.2998	0.0322	0.0302	0.1932
2002	189	1800	14	1.8784	1.3095	0.85061	0.65107		2	13.53	11.43	29.07	13.96	10.81	0.247	0.2991	0.0318	0.03	0.1934
2002	189	1900	14	1.8797	1.3118	0.85445	0.6673		2	13.48	11.33	28.41	13.89	10.8	0.246	0.3004	0.0315	0.03	0.1952
2002	189	2000	14	1.8814	1.3139	0.85794	0.68475		2	13.47	11.21	27.72	13.86	10.79	0.246	0.3008	0.0312	0.03	0.1958
2002	189	2100	14	1.8839	1.3177	0.8641	0.70618		2	13.42	11.04	26.89	13.78	10.75	0.244	0.3014	0.0307	0.0299	0.1973
2002	189	2200	14	1.8858	1.3207	0.86891	0.72159		2	13.37	10.92	26.31	13.72	10.72	0.243	0.3018	0.0303	0.0298	0.1986
2002	189	2300	14	1.8877	1.3235	0.87332	0.73597		2	13.34	10.8	25.78	13.66	10.69	0.242	0.3021	0.03	0.0297	0.1996
2002	189	2400	14	1.889	1.3256	0.87637	0.7445		2	13.29	10.74	25.47	13.6	10.67	0.241	0.3031	0.0299	0.0297	0.201
2002	190	100	14	1.8903	1.3273	0.87932	0.75358		2	13.29	10.65	25.14	13.59	10.63	0.241	0.3021	0.0296	0.0296	0.2005
2002	190	200	14	1.8917	1.3297	0.88308	0.76266		2	13.24	10.57	24.82	13.53	10.59	0.24	0.3023	0.0294	0.0294	0.2015
2002	190	300	14	1.8928	1.3316	0.88609	0.77157		2	13.2	10.5	24.51	13.49	10.57	0.239	0.3028	0.0292	0.0294	0.2025
2002	190	400	14	1.894	1.3332	0.88885	0.77932		2	13.2	10.42	24.24	13.48	10.53	0.239	0.3018	0.029	0.0293	0.202
2002	190	500	14	1.8951	1.3348	0.89137	0.7865		2	13.18	10.35	23.99	13.45	10.5	0.239	0.3017	0.0288	0.0292	0.2023
2002	190	600	14	1.896	1.3361	0.893	0.7888		2	13.15	10.33	23.91	13.42	10.49	0.238	0.3022	0.0287	0.0292	0.2032
2002	190	700	14	1.8963	1.3361	0.89267	0.77905		2	13.17	10.35	24.25	13.44	10.46	0.238	0.3007	0.0288	0.0291	0.2018
2002	190	800	14	1.8962	1.335	0.89002	0.75899		2	13.19	10.44	24.95	13.49	10.45	0.239	0.2992	0.029	0.029	0.2
2002	190	900	14	1.8955	1.3343	0.88798	0.7304		2	13.16	10.55	25.98	13.49	10.4	0.239	0.298	0.0293	0.0289	0.1993
2002	190	1000	14	1.8974	1.3372	0.89057	0.7026		2	13.06	10.59	27.02	13.41	10.3	0.238	0.2965	0.0294	0.0286	0.1994
2002	190	1100	14	1.9008	1.3417	0.89549	0.68195		2	12.95	10.57	27.83	13.33	10.16	0.236	0.2945	0.0294	0.0283	0.1993
2002	190	1200	14	1.904	1.3471	0.90279	0.67965		2	12.82	10.47	27.92	13.19	10.05	0.234	0.2944	0.0291	0.0279	0.2013
2002	190	1300	14	1.908	1.3529	0.9096	0.6661		2	12.67	10.42	28.46	13.06	9.93	0.232	0.2938	0.029	0.0276	0.203
2002	190	1400	14	1.9107	1.3566	0.91372	0.65004		2	12.58	10.4	29.12	12.99	9.83	0.23	0.2922	0.0289	0.0273	0.203
2002	190	1500	14	1.912	1.359	0.91625	0.63314		2	12.49	10.42	29.83	12.92	9.75	0.229	0.2915	0.029	0.0271	0.2037
2002	190	1600	14	1.9146	1.3629	0.92167	0.64734		2	12.41	10.32	29.23	12.82	9.73	0.227	0.2933	0.0287	0.0271	0.2066
2002	190	1700	14	1.9155	1.3648	0.92501	0.65435		2	12.38	10.24	28.94	12.78	9.69	0.226	0.293	0.0285	0.0269	0.2071
2002	190	1800	14	1.9172	1.3667	0.92774	0.66341		2	12.38	10.17	28.57	12.76	9.68	0.226	0.2929	0.0283	0.0269	0.2073
2002	190	1900	14	1.9174	1.3678	0.92985	0.67741		2	12.34	10.11	28.01	12.7	9.7	0.225	0.2949	0.0281	0.027	0.2097
2002	190	2000	14	1.9197	1.3709	0.93488	0.69957		2	12.32	9.98	27.14	12.66	9.68	0.224	0.2955	0.0277	0.0269	0.2108
2002	190	2100	14	1.9224	1.3751	0.94154	0.72221		2	12.27	9.83	26.28	12.58	9.65	0.223	0.2963	0.0273	0.0268	0.2129
2002	190	2200	14	1.9243	1.378	0.9461	0.73371		2	12.23	9.72	25.86	12.53	9.61	0.222	0.2961	0.027	0.0267	0.2136
2002	190	2300	14	1.9251	1.3789	0.94749	0.73836		2	12.23	9.69	25.69	12.53	9.59	0.222	0.2958	0.0269	0.0267	0.2133
2002	190	2400	14	1.9259	1.3803	0.94943	0.74332		2	12.2	9.66	25.51	12.49	9.59	0.221	0.2966	0.0269	0.0267	0.2148
2002	191	100	14	1.9268	1.3816	0.95152	0.74843		2	12.19	9.61	25.33	12.47	9.57	0.221	0.2963	0.0267	0.0266	0.2147
2002	191	200	14	1.9277	1.3828	0.95345	0.75322		2	12.19	9.56	25.15	12.46	9.54	0.221	0.2957	0.0266	0.0265	0.2145
2002	191	300	14	1.928	1.3835	0.95419	0.75404		2	12.15	9.57	25.13	12.43	9.55	0.22	0.2968	0.0266	0.0266	0.216
2002	191	400	14	1.6805	1.016	0.48248	0.85215		2	25.28	17.83	21.84	25.67	18.67	0.374	0.2809	0.0496	0.0519	0.1201
2002	191	500	14	1.679	1.0137	0.47895	0.8491		2	25.41	17.98	21.94	25.8	18.8	0.375	0.2814	0.05	0.0523	0.1201
2002	191	600	14	1.6557	0.97939	0.43569	0.86089		2	27.71	19.1	21.56	28.11	20.08	0.386	0.2759	0.0531	0.0558	0.1143
2002	191	700	14	1.6375	0.9526	0.40405	0.8678		2	29.82	19.72	21.35	30.24	20.8	0.394	0.2658	0.0548	0.0578	0.108
2002	191	800	14	1.6561	0.97957	0.43516	0.86746		2	27.68	19.17	21.36	28.07	20.21	0.386	0.2782	0.0533	0.0562	0.1153
2002	191	900	14	1.6675	0.99664	0.45608	0.86673		2	26.44	18.68	21.38	26.81	19.7	0.38	0.2838	0.0519	0.0548	0.1194
2002	191	1000	14	1.6777	1.0106	0.47345	0.85784		2	25.61	18.22	21.66	25.99	19.12	0.376	0.2842	0.0506	0.0532	0.121
2002	191	1100	14	1.6807	1.015	0.47767	0.83105		2	25.33	18.27	22.51	25.75	18.94	0.375	0.2842	0.0508	0.0527	0.1213
2002	191	1200	14	1.6827	1.018	0.4798	0.79133		2	25.15	18.44	23.83	25.64	18.75	0.374	0.2825	0.0513	0.0521	0.1208
2002	191	1300	14	1.6851	1.0219	0.48355	0.77117		2	24.86	18.5	24.52	25.4	18.63	0.373	0.2834	0.0514	0.0518	0.1217
2002	191	1400	14	1.6879	1.0251	0.48649	0.75194		2	24.73	18.52	25.2	25.29	18.47	0.372	0.282	0.0515	0.0513	0.1213
2002	191	1500	14	1.691	1.0297	0.49234	0.74424		2	24.46	18.38	25.48	25.04	18.25	0.37	0.2816	0.0511	0.0507	0.1216
2002	191	1600	14	1.6929	1.0325	0.49564	0.73425		2	24.3	18.33	25.84	24.9	18.11	0.37	0.281	0.051	0.0503	0.1217
2002	191	1700	14	1.6959	1.0362	0.50042	0.7361		2	24.14	18.16	25.77	24.72	17.96	0.368	0.2806	0.0505	0.0499	0.1219
2002	191	1800	14	1.6961	1.0374	0.50258	0.73826		2	24.02	18.08	25.69	24.6	17.9	0.368	0.281	0.0503	0.0498	0.1223
2002	191	1900	14	1.6355	0.94976	0.39331	0.77064		2	30.06	21.07	24.54	30.7	21.21	0.395	0.2668	0.0586	0.059	0.1081
2002	191	2000	14	1.6613	0.98718	0.44072	0.78448		2	27.17	19.57	24.06	27.72	19.83	0.384	0.2763	0.0544	0.0551	0.115
2002	191	2100	14	1.6711	1.002	0.4608	0.79461		2	26.15	18.87	23.72	26.66	19.22	0.38	0.2784	0.0524	0.0534	0.1174
2002	191	2200	14	1.6752	1.0077	0.4688	0.80454		2	25.81	18.54	23.38	26.3	18.97	0.378	0.2787	0.0515	0.0527	0.1181
2002	191	2300	14	1.6776	1.0115	0.47475	0.816		2	25.57	18.26	23	26.03	18.8	0.376	0.2789	0.0508	0.0523	0.1186
2002	191	2400	14	1.6797	1.0146	0.47938	0.82591		2	25.38	18.06	22.68	25.82	18.68	0.375	0.2794	0.0502	0.0519	0.1192
2002	192	100	14	1.6816	1.0173	0.4836	0.83065		2	25.25	17.86	22.53	25.67	18.51	0.374	0.2786	0.0497	0.0515	0.1191
2002	192	200	14	1.6832	1.0196	0.48687	0.83286		2	25.12	17.74	22.45	25.54	18.4	0.373	0.2784	0.0493	0.0512	0.1193
2002	192	300	14	1.6846	1.0218	0.49035	0.84374		2	24.98	17.58	22.11	25.38	18.33	0.372	0.279	0.0489	0.051	0.1199
2002	192	400	14	1.6872	1.0256	0.49647	0.85917		2	24.78	17.28	21.62	25.14	18.16	0.371	0.2789	0.048	0.0505	0.1203
2002	192	500	14	1.6893	1.0286	0.50119	0.87097		2	24.62	17.06	21.25	24.96	18.03	0.37	0.2789	0.0474	0.0501	0.1206
2002	192	600	14	1.6893	1.0285	0.50172	0.87891		2	24.65	16.98	21.01	24.98	18	0.37	0.2784	0.0472	0.05	0.1203
2002	192	700	14	1.6905	1.0298	0.50336	0.88088		2	24.6	16.92	20.95	24.92	17.95	0.37	0.2782	0.047	0.0499	0.1204
2002	192	800	14	1.6916	1.0301	0.50311	0.87923		2	24.65	16.93	21	24.98	17.95	0.37	0.2776	0.0471	0.0499	0.12
2002	192	900	14	1.6927	1.0314	0.5046	0.87363		2	24.6	16.9	21.17	24.94	17.87	0.37	0.2768	0.047	0.0497	0.1198
2002	192	1000	14	1.694	1.0327	0.50623	0.87123		2	24.57	16.84	21.24	24.91	17.79	0.37	0.2758	0.0468	0.0495	0.1194
2002	192	1100	14	1.6943	1.0335	0.50702	0.8669		2	24.5	16.86	21.38	24.85	17.78	0.369	0.2764	0.0469	0.0494	0.1198
2002	192	1200	14	1.6945	1.034	0.50766	0.86178		2	24.47	16.86	21.54	24.82	17.73	0.369	0.276	0.0469	0.0493	0.1196
2002	192	1300	14	1.6957	1.0356	0.50918	0.85681		2	24.37	16.87	21.69	24.74	17.7	0.369	0.2764	0.0469	0.0492	0.12
2002	192	1400	14	1.6968	1.0372	0.51116	0.85087		2	24.29	16.83	21.88	24.66	17.62	0.368	0.2759	0.0468	0.049	0.1199
2002	192	1500	14	1.6986	1.0392	0.51393	0.85892		2	24.22	16.71	21.63	24.57	17.56	0.368	0.2759	0.0465	0.0488	0.1201
2002	192	1600	14	1.6983	1.0398	0.5154	0.85793		2	24.14	16.66	21.66	24.5	17.49	0.367	0.2757	0.0463	0.0486	0.1202
2002	192	1700	14	1.7003	1.0431	0.52042	0.86215		2	23.96	16.48	21.52	24.31	17.33	0.366	0.2754	0.0458	0.0482	0.1205
2002	192	1800	14	1.7001	1.0423	0.51964	0.87165		2	24.03	16.44	21.23	24.36	17.37	0.366	0.2755	0.0457	0.0483	0.1204
2002	192	1900	14	1.7005	1.0433	0.52149	0.88009		2	23.96	16.36	20.97	24.27	17.35	0.366	0.2761	0.0455	0.0482	0.1209
2002	192	2000	14	1.7009	1.0441	0.52277	0.88542		2	23.9	16.31	20.81	24.21	17.34	0.365	0.2767	0.0453	0.0482	0.1213
2002	192	2100	14	1.7012	1.0446	0.52378	0.88826		2	23.88	16.25	20.72	24.18	17.3	0.365	0.2764	0.0452	0.0481	0.1212
2002	192	2200	14	1.7016	1.0451	0.52477	0.89106		2	23.86	16.19	20.64	24.16	17.26	0.365	0.2759	0.045	0.048	0.121
2002	192	2300	14	1.7022	1.0459	0.52585	0.89517		2	23.82	16.15	20.51	24.11	17.25	0.364	0.2764	0.0449	0.048	0.1214
2002	192	2400	14	1.7027	1.0468	0.52744	0.90072		2	23.77	16.08	20.35	24.05	17.22	0.364	0.2766	0.0447	0.0479	0.1216
2002	193	100	14	1.7033	1.0475	0.52859	0.90467		2	23.75	16.02	20.23	24.02	17.19	0.364	0.2764	0.0445	0.0478	0.1215
2002	193	200	14	1.7036	1.0483	0.52992	0.90929		2	23.68	15.97	20.09	23.95	17.17	0.363	0.2769	0.0444	0.0477	0.122
2002	193	300	14	1.7043	1.0491	0.53109	0.91359		2	23.66	15.92	19.96	23.91	17.15	0.363	0.277	0.0443	0.0477	0.1221
2002	193	400	14	1.7046	1.0498	0.53225	0.91812		2	23.6	15.88	19.83	23.85	17.14	0.363	0.2775	0.0441	0.0476	0.1224
2002	193	500	14	1.7051	1.0503	0.5334	0.92273		2	23.61	15.79	19.7	23.85	17.08	0.363	0.2767	0.0439	0.0475	0.1221
2002	193	600	14	1.7057	1.051	0.53422	0.92174		2	23.58	15.78	19.72	23.82	17.06	0.362	0.2765	0.0439	0.0474	0.1221
2002	193	700	14	1.7066	1.0534	0.53796	0.91782		2	23.41	15.68	19.84	23.66	16.92	0.361	0.2762	0.0436	0.047	0.1223
2002	193	800	14	1.7075	1.0527	0.53527	0.90565		2	23.53	15.83	20.2	23.8	16.99	0.362	0.2757	0.044	0.0472	0.1218
2002	193	900	14	1.7085	1.055	0.5381	0.8938		2	23.37	15.82	20.55	23.66	16.89	0.361	0.2757	0.044	0.0469	0.1221
2002	193	1000	14	1.7084	1.0539	0.53532	0.87484		2	23.47	15.98	21.13	23.79	16.91	0.362	0.2746	0.0444	0.047	0.1213
2002	193	1100	14	1.7091	1.0552	0.5354	0.83838		2	23.38	16.16	22.28	23.76	16.81	0.362	0.2733	0.0449	0.0467	0.1208
2002	193	1200	14	1.7105	1.0588	0.53921	0.80353		2	23.12	16.24	23.42	23.55	16.61	0.36	0.2725	0.0451	0.0462	0.121
2002	193	1300	14	1.713	1.0625	0.54235	0.78329		2	22.89	16.33	24.1	23.36	16.54	0.359	0.2736	0.0454	0.046	0.1219
2002	193	1400	14	1.716	1.0665	0.5464	0.77115		2	22.68	16.33	24.52	23.17	16.44	0.358	0.2741	0.0454	0.0457	0.1226
2002	193	1500	14	1.7183	1.07	0.55049	0.74458		2	22.53	16.3	25.46	23.06	16.19	0.357	0.2713	0.0453	0.045	0.1216
2002	193	1600	14	1.7206	1.0732	0.5541	0.7581		2	22.33	16.24	24.98	22.83	16.24	0.355	0.2748	0.0451	0.0452	0.1238
2002	193	1700	14	1.7219	1.0757	0.55813	0.77167		2	22.18	16.08	24.5	22.65	16.2	0.354	0.2762	0.0447	0.045	0.125
2002	193	1800	14	1.7225	1.0772	0.56115	0.78613		2	22.09	15.93	24.01	22.53	16.16	0.353	0.277	0.0443	0.0449	0.1257
2002	193	1900	14	1.7231	1.0783	0.56358	0.80428		2	22.03	15.78	23.39	22.45	16.15	0.352	0.2779	0.0439	0.0449	0.1263
2002	193	2000	14	1.724	1.0779	0.56287	0.82578		2	22.12	15.73	22.68	22.5	16.26	0.352	0.2792	0.0437	0.0452	0.1268
2002	193	2100	14	1.7249	1.0808	0.56918	0.85045		2	21.95	15.41	21.89	22.29	16.12	0.351	0.2794	0.0428	0.0448	0.1275
2002	193	2200	14	1.7261	1.0824	0.57233	0.87137		2	21.9	15.22	21.24	22.2	16.09	0.35	0.2799	0.0423	0.0447	0.128
2002	193	2300	14	1.7269	1.0836	0.57495	0.88913		2	21.86	15.07	20.7	22.13	16.05	0.349	0.2801	0.0419	0.0446	0.1283
2002	193	2400	14	1.7275	1.0847	0.57732	0.90433		2	21.81	14.93	20.24	22.06	16.02	0.349	0.2805	0.0415	0.0445	0.1287
2002	194	100	14	1.7283	1.0858	0.5795	0.91861		2	21.77	14.81	19.82	22	15.99	0.348	0.2808	0.0412	0.0445	0.129
2002	194	200	14	1.7289	1.0868	0.58152	0.93083		2	21.73	14.71	19.46	21.94	15.97	0.348	0.281	0.0409	0.0444	0.1293
2002	194	300	14	1.7296	1.0877	0.58321	0.94132		2	21.71	14.62	19.16	21.9	15.94	0.347	0.2812	0.0406	0.0443	0.1295
2002	194	400	14	1.73	1.0883	0.58463	0.95014		2	21.69	14.53	18.91	21.88	15.91	0.347	0.281	0.0404	0.0442	0.1295
2002	194	500	14	1.7306	1.0893	0.58647	0.96038		2	21.65	14.45	18.62	21.82	15.89	0.347	0.2814	0.0402	0.0442	0.1299
2002	194	600	14	1.7311	1.0899	0.5872	0.96143		2	21.62	14.43	18.59	21.79	15.88	0.346	0.2815	0.0401	0.0441	0.13
2002	194	700	14	1.7308	1.0894	0.58568	0.94243		2	21.64	14.54	19.13	21.84	15.87	0.347	0.2807	0.0404	0.0441	0.1295
2002	194	800	14	1.7304	1.0895	0.58515	0.91235		2	21.61	14.65	20	21.85	15.77	0.347	0.2789	0.0407	0.0439	0.1286
2002	194	900	14	1.73	1.0872	0.57919	0.87866		2	21.75	14.98	21.01	22.04	15.88	0.349	0.2784	0.0417	0.0442	0.1278
2002	194	1000	14	1.7301	1.0877	0.57824	0.84594		2	21.68	15.17	22.04	22.02	15.84	0.348	0.2778	0.0422	0.044	0.1276
2002	194	1100	14	1.7313	1.0881	0.57589	0.80899		2	21.69	15.44	23.24	22.09	15.84	0.349	0.277	0.0429	0.044	0.127
2002	194	1200	14	1.7333	1.091	0.57877	0.7922		2	21.54	15.46	23.8	21.97	15.73	0.348	0.2766	0.043	0.0437	0.1272
2002	194	1300	14	1.7357	1.095	0.58363	0.78863		2	21.32	15.4	23.92	21.75	15.64	0.346	0.2778	0.0428	0.0435	0.1285
2002	194	1400	14	1.7398	1.1001	0.58884	0.77088		2	21.11	15.38	24.53	21.56	15.48	0.344	0.2773	0.0428	0.043	0.1288
2002	194	1500	14	1.741	1.1028	0.59235	0.76314		2	20.94	15.34	24.8	21.4	15.38	0.343	0.2776	0.0426	0.0428	0.1295
2002	194	1600	14	1.7435	1.1077	0.60023	0.77352		2	20.7	15.08	24.44	21.14	15.2	0.34	0.2777	0.0419	0.0423	0.1305
2002	194	1700	14	1.7443	1.1079	0.59937	0.77382		2	20.7	15.15	24.43	21.14	15.27	0.341	0.2791	0.0421	0.0425	0.1311
2002	194	1800	14	1.7449	1.1105	0.60464	0.7902		2	20.54	14.93	23.87	20.95	15.18	0.339	0.2798	0.0415	0.0422	0.1322
2002	194	1900	14	1.7452	1.1111	0.60619	0.80501		2	20.52	14.83	23.37	20.9	15.18	0.338	0.2806	0.0412	0.0422	0.1327
2002	194	2000	14	1.7461	1.1124	0.60901	0.83018		2	20.48	14.66	22.54	20.82	15.19	0.337	0.2818	0.0408	0.0422	0.1336
2002	194	2100	14	1.7479	1.1147	0.61378	0.8602		2	20.44	14.39	21.59	20.74	15.12	0.337	0.2817	0.04	0.042	0.1339
2002	194	2200	14	1.7492	1.117	0.61786	0.88516		2	20.33	14.22	20.82	20.59	15.12	0.335	0.2836	0.0395	0.042	0.1353
2002	194	2300	14	1.7504	1.1187	0.62133	0.90549		2	20.29	14.04	20.2	20.52	15.06	0.335	0.2835	0.039	0.0419	0.1356
2002	194	2400	14	1.7513	1.1202	0.62404	0.92162		2	20.23	13.92	19.73	20.44	15.05	0.334	0.2844	0.0387	0.0418	0.1363
2002	195	100	14	1.7522	1.1216	0.62671	0.93687		2	20.19	13.8	19.29	20.38	15.02	0.333	0.2847	0.0384	0.0417	0.1367
2002	195	200	14	1.753	1.1227	0.62874	0.94959		2	20.16	13.7	18.92	20.33	15	0.333	0.285	0.0381	0.0417	0.1371
2002	195	300	14	1.7537	1.1236	0.63076	0.96132		2	20.15	13.59	18.59	20.3	14.95	0.332	0.2845	0.0378	0.0416	0.1369
2002	195	400	14	1.7543	1.1246	0.63275	0.97235		2	20.12	13.5	18.28	20.26	14.92	0.332	0.2846	0.0375	0.0415	0.1372
2002	195	500	14	1.7549	1.1257	0.63444	0.9826		2	20.06	13.45	18	20.19	14.94	0.331	0.2858	0.0374	0.0415	0.1381
2002	195	600	14	1.7552	1.1259	0.63508	0.98224		2	20.08	13.4	18.01	20.21	14.88	0.331	0.2844	0.0373	0.0414	0.1373
2002	195	700	14	1.7548	1.1251	0.63296	0.95732		2	20.11	13.53	18.7	20.27	14.86	0.332	0.2831	0.0376	0.0413	0.1364
2002	195	800	14	1.754	1.1233	0.62876	0.92313		2	20.18	13.75	19.68	20.39	14.87	0.333	0.2817	0.0382	0.0413	0.1353
2002	195	900	14	1.7532	1.1203	0.62184	0.88653		2	20.34	14.07	20.77	20.59	14.97	0.335	0.2808	0.0391	0.0416	0.134
2002	195	1000	14	1.7531	1.1205	0.62055	0.85421		2	20.28	14.25	21.77	20.59	14.94	0.335	0.2802	0.0396	0.0415	0.1338
2002	195	1100	14	1.7549	1.125	0.62663	0.83267		2	20.03	14.19	22.46	20.36	14.72	0.333	0.2792	0.0394	0.0409	0.1342
2002	195	1200	14	1.7565	1.1257	0.62502	0.80865		2	20.02	14.37	23.25	20.39	14.74	0.333	0.2792	0.04	0.041	0.1341
2002	195	1300	14	1.7601	1.1309	0.62957	0.76788		2	19.77	14.47	24.64	20.2	14.55	0.331	0.2782	0.0402	0.0404	0.1343
2002	195	1400	14	1.7643	1.1372	0.63686	0.75818		2	19.48	14.4	24.98	19.92	14.41	0.328	0.2793	0.04	0.04	0.1361
2002	195	1500	14	1.7674	1.1416	0.643	0.76918		2	19.32	14.23	24.59	19.74	14.31	0.327	0.2801	0.0396	0.0398	0.1372
2002	195	1600	14	1.7708	1.1466	0.64939	0.76533		2	19.13	14.11	24.73	19.55	14.17	0.324	0.2799	0.0392	0.0394	0.138
2002	195	1700	14	1.7735	1.1503	0.65417	0.77103		2	19	14	24.53	19.4	14.1	0.323	0.2807	0.0389	0.0392	0.1391
2002	195	1800	14	1.7735	1.1528	0.65977	0.78224		2	18.84	13.79	24.14	19.23	13.96	0.321	0.2805	0.0383	0.0388	0.1398
2002	195	1900	14	1.7733	1.1527	0.66027	0.79531		2	18.85	13.73	23.69	19.22	13.99	0.321	0.2813	0.0382	0.0389	0.1403
2002	195	2000	14	1.7747	1.1533	0.66091	0.82223		2	18.87	13.67	22.8	19.2	14.11	0.321	0.2838	0.038	0.0392	0.1416
2002	195	2100	14	1.7766	1.1578	0.66957	0.8516		2	18.7	13.34	21.86	18.98	13.96	0.318	0.2841	0.0371	0.0388	0.1429
2002	195	2200	14	1.7782	1.1599	0.67333	0.87607		2	18.65	13.17	21.09	18.9	13.95	0.317	0.285	0.0366	0.0388	0.1437
2002	195	2300	14	1.7796	1.1618	0.6768	0.89442		2	18.61	13.02	20.54	18.84	13.9	0.317	0.2851	0.0362	0.0387	0.1441
2002	195	2400	14	1.7807	1.1635	0.67991	0.91076		2	18.57	12.9	20.05	18.77	13.87	0.316	0.2854	0.0359	0.0386	0.1446
2002	196	100	14	1.7817	1.165	0.68268	0.9275		2	18.53	12.78	19.56	18.71	13.85	0.315	0.286	0.0355	0.0385	0.1452
2002	196	200	14	1.7826	1.1664	0.68514	0.94056		2	18.49	12.69	19.18	18.66	13.84	0.314	0.2864	0.0353	0.0385	0.1458
2002	196	300	14	1.7837	1.168	0.68791	0.95444		2	18.45	12.59	18.78	18.6	13.81	0.314	0.2867	0.035	0.0384	0.1462
2002	196	400	14	1.7844	1.1691	0.68983	0.96245		2	18.42	12.52	18.56	18.56	13.78	0.313	0.2868	0.0348	0.0383	0.1465
2002	196	500	14	1.7848	1.1698	0.69126	0.97177		2	18.4	12.46	18.3	18.53	13.77	0.313	0.287	0.0346	0.0383	0.1468
2002	196	600	14	1.7854	1.1705	0.69233	0.97333		2	18.39	12.42	18.25	18.52	13.74	0.313	0.2866	0.0345	0.0382	0.1466
2002	196	700	14	1.7848	1.1692	0.68946	0.95005		2	18.43	12.55	18.91	18.59	13.74	0.314	0.2855	0.0349	0.0382	0.1457
2002	196	800	14	1.7837	1.1661	0.68297	0.91647		2	18.56	12.81	19.88	18.76	13.81	0.316	0.2845	0.0356	0.0384	0.1442
2002	196	900	14	1.7832	1.166	0.68195	0.88155		2	18.53	12.92	20.93	18.77	13.72	0.316	0.2824	0.0359	0.0381	0.1431
2002	196	1000	14	1.782	1.1633	0.67575	0.84314		2	18.6	13.22	22.12	18.9	13.78	0.317	0.2817	0.0368	0.0383	0.1421
2002	196	1100	14	1.7829	1.1649	0.67622	0.81242		2	18.5	13.35	23.12	18.83	13.72	0.316	0.2814	0.0371	0.0381	0.1423
2002	196	1200	14	1.786	1.1692	0.6805	0.78572		2	18.33	13.37	24.02	18.7	13.56	0.315	0.2801	0.0372	0.0377	0.1423
2002	196	1300	14	1.7892	1.174	0.68542	0.7609		2	18.13	13.39	24.88	18.53	13.41	0.313	0.2796	0.0372	0.0373	0.143
2002	196	1400	14	1.7925	1.179	0.69101	0.74011		2	17.93	13.37	25.63	18.36	13.25	0.311	0.2788	0.0372	0.0368	0.1435
2002	196	1500	14	1.7961	1.1842	0.69798	0.73815		2	17.76	13.22	25.7	18.19	13.09	0.309	0.278	0.0368	0.0364	0.144
2002	196	1600	14	1.7996	1.1893	0.70422	0.74177		2	17.57	13.13	25.57	17.99	13.02	0.306	0.2796	0.0365	0.0362	0.146
2002	196	1700	14	1.8017	1.1921	0.7078	0.74765		2	17.48	13.05	25.35	17.89	12.99	0.305	0.2804	0.0363	0.0361	0.147
2002	196	1800	14	1.8024	1.1956	0.71501	0.7615		2	17.33	12.81	24.86	17.72	12.83	0.303	0.2798	0.0356	0.0357	0.1477
2002	196	1900	14	1.803	1.1969	0.71748	0.77825		2	17.28	12.71	24.28	17.64	12.84	0.302	0.2812	0.0353	0.0357	0.149
2002	196	2000	14	1.8043	1.1986	0.72056	0.80422		2	17.25	12.58	23.39	17.57	12.87	0.301	0.2829	0.035	0.0358	0.1503
2002	196	2100	14	1.806	1.2009	0.72461	0.82863		2	17.21	12.42	22.59	17.5	12.86	0.3	0.2838	0.0345	0.0358	0.1513
2002	196	2200	14	1.8075	1.2018	0.72585	0.84687		2	17.24	12.35	22.01	17.5	12.9	0.3	0.2846	0.0343	0.0359	0.1517
2002	196	2300	14	1.8086	1.2037	0.72916	0.85897		2	17.18	12.24	21.62	17.44	12.85	0.299	0.2848	0.034	0.0357	0.1522
2002	196	2400	14	1.8099	1.2055	0.73247	0.87476		2	17.16	12.11	21.13	17.39	12.81	0.299	0.2846	0.0337	0.0356	0.1524
2002	197	100	14	1.8111	1.2075	0.73573	0.88829		2	17.1	12.01	20.72	17.32	12.79	0.298	0.2853	0.0334	0.0356	0.1533
2002	197	200	14	1.8124	1.2093	0.73888	0.90294		2	17.07	11.9	20.28	17.27	12.75	0.297	0.2853	0.0331	0.0355	0.1536
2002	197	300	14	1.8132	1.2106	0.74121	0.91316		2	17.04	11.82	19.98	17.23	12.73	0.297	0.2854	0.0329	0.0354	0.154
2002	197	400	14	1.8138	1.2117	0.74288	0.91919		2	17	11.78	19.8	17.18	12.72	0.296	0.286	0.0327	0.0354	0.1546
2002	197	500	14	1.8142	1.2124	0.74389	0.92291		2	16.97	11.76	19.69	17.15	12.72	0.296	0.2865	0.0327	0.0354	0.1551
2002	197	600	14	1.8143	1.2123	0.74387	0.92001		2	17	11.75	19.78	17.17	12.69	0.296	0.2854	0.0327	0.0353	0.1543
2002	197	700	14	1.8141	1.2114	0.74175	0.90211		2	17.03	11.83	20.31	17.23	12.68	0.297	0.2842	0.0329	0.0352	0.1533
2002	197	800	14	1.8131	1.211	0.74126	0.87754		2	17.01	11.88	21.05	17.24	12.59	0.297	0.282	0.033	0.035	0.152
2002	197	900	14	1.8127	1.2095	0.7373	0.84843		2	17.05	12.06	21.96	17.31	12.61	0.298	0.2813	0.0335	0.0351	0.1512
2002	197	1000	14	1.8114	1.2089	0.73529	0.81098		2	16.98	12.23	23.17	17.29	12.56	0.297	0.2805	0.034	0.0349	0.1509
2002	197	1100	14	1.8127	1.2088	0.73239	0.78602		2	17	12.42	24.01	17.34	12.6	0.298	0.2805	0.0345	0.035	0.1506
2002	197	1200	14	1.8152	1.2125	0.73615	0.7635		2	16.86	12.44	24.79	17.23	12.47	0.297	0.2796	0.0346	0.0347	0.1508
2002	197	1300	14	1.8187	1.2173	0.74112	0.73948		2	16.7	12.44	25.65	17.1	12.32	0.295	0.2784	0.0346	0.0343	0.1511
2002	197	1400	14	1.822	1.2227	0.74761	0.72944		2	16.49	12.38	26.02	16.9	12.2	0.292	0.279	0.0344	0.0339	0.1528
2002	197	1500	14	1.826	1.2286	0.75525	0.7276		2	16.31	12.25	26.08	16.72	12.07	0.29	0.2788	0.0341	0.0335	0.154
2002	197	1600	14	1.8286	1.2328	0.76077	0.72723		2	16.17	12.17	26.1	16.57	11.98	0.288	0.2793	0.0338	0.0333	0.1553
2002	197	1700	14	1.8301	1.235	0.7639	0.73158		2	16.11	12.09	25.94	16.51	11.94	0.287	0.2793	0.0336	0.0332	0.1558
2002	197	1800	14	1.8305	1.2378	0.76911	0.74111		2	15.97	11.96	25.59	16.35	11.86	0.285	0.2803	0.0333	0.033	0.1576
2002	197	1900	14	1.8312	1.2372	0.7678	0.75667		2	16.03	11.97	25.03	16.4	11.96	0.285	0.2818	0.0333	0.0332	0.158
2002	197	2000	14	1.8325	1.2405	0.77367	0.7767		2	15.92	11.8	24.33	16.25	11.91	0.283	0.2831	0.0328	0.0331	0.16
2002	197	2100	14	1.8339	1.2429	0.7782	0.79713		2	15.87	11.64	23.63	16.18	11.87	0.282	0.2833	0.0323	0.033	0.1606
2002	197	2200	14	1.8351	1.2442	0.78049	0.81073		2	15.87	11.54	23.18	16.16	11.85	0.282	0.2832	0.0321	0.0329	0.1607
2002	197	2300	14	1.836	1.2455	0.78283	0.82316		2	15.86	11.46	22.77	16.13	11.84	0.281	0.2835	0.0319	0.0329	0.1611
2002	197	2400	14	1.8371	1.247	0.78524	0.83755		2	15.83	11.39	22.3	16.08	11.84	0.281	0.2843	0.0317	0.0329	0.162
2002	198	100	14	1.8383	1.2488	0.78845	0.8543		2	15.8	11.28	21.77	16.04	11.82	0.28	0.2847	0.0314	0.0329	0.1627
2002	198	200	14	1.839	1.25	0.79048	0.86191		2	15.77	11.22	21.53	16	11.8	0.28	0.2849	0.0312	0.0328	0.1631
2002	198	300	14	1.8398	1.2511	0.79218	0.87026		2	15.75	11.17	21.27	15.97	11.8	0.279	0.2854	0.0311	0.0328	0.1636
2002	198	400	14	1.8403	1.252	0.79363	0.8768		2	15.72	11.13	21.07	15.93	11.79	0.279	0.2859	0.031	0.0328	0.1642
2002	198	500	14	1.841	1.2529	0.79521	0.88551		2	15.71	11.08	20.81	15.91	11.78	0.278	0.286	0.0308	0.0328	0.1644
2002	198	600	14	1.8413	1.2534	0.79577	0.88518		2	15.69	11.08	20.82	15.89	11.78	0.278	0.2863	0.0308	0.0327	0.1647
2002	198	700	14	1.841	1.252	0.79309	0.86862		2	15.76	11.15	21.32	15.98	11.77	0.279	0.2845	0.031	0.0327	0.163
2002	198	800	14	1.84	1.2495	0.78811	0.84648		2	15.82	11.32	22.02	16.07	11.82	0.281	0.284	0.0315	0.0329	0.162
2002	198	900	14	1.839	1.2487	0.78644	0.81913		2	15.81	11.41	22.9	16.09	11.76	0.281	0.2824	0.0317	0.0327	0.1609
2002	198	1000	14	1.8377	1.2471	0.78302	0.7881		2	15.81	11.57	23.94	16.12	11.75	0.281	0.2814	0.0322	0.0327	0.16
