Date	DOY	IA Site	CanID	Depth	WetWgt	DryWgt	GSM	CanWgt	Bulk_Density	VSM
6/25/2002	176	1	961	1	66.6	65	0.061	38.69	1.149	0.055
6/25/2002	176	1	962	2	162.7	140.9	0.213	38.43	0.895	0.191
6/25/2002	176	2	963	1	81.3	79.1	0.054	38.62	1.768	0.053
6/25/2002	176	2	964	2	174.7	151.7	0.204	38.85	0.985	0.201
6/25/2002	176	3	965	1	58.6	58.1	0.026	38.75	0.845	0.026
6/25/2002	176	3	966	2	174.1	151.4	0.201	38.69	0.984	0.198
6/25/2002	176	4	967	1	74.3	72.9	0.04	38.13	1.518	0.060
6/25/2002	176	4	968	2	235.5	211.5	0.139	38.47	1.511	0.210
6/25/2002	176	5	969	1	70.8	67.6	0.11	38.57	1.268	0.138
6/25/2002	176	5	970	2	210.6	181.9	0.2	38.55	1.252	0.250
6/25/2002	176	6	971	1	60.9	60.5	0.018	38.63	0.955	0.017
6/25/2002	176	6	972	2	156.6	146.6	0.092	38.29	0.946	0.087
6/25/2002	176	7	973	1	71.4	70.5	0.028	38.35	1.404	0.031
6/25/2002	176	7	974	2	184.4	166.6	0.139	38.71	1.117	0.155
6/25/2002	176	8	975	1	64.2	63.2	0.041	38.79	1.066	0.061
6/25/2002	176	8	976	2	237.1	207.9	0.172	38.26	1.481	0.255
6/25/2002	176	9	1153	1	65.4	64.3	0.043	38.69	1.118	0.054
6/25/2002	176	9	1154	2	210.1	181.7	0.198	38.13	1.254	0.248
6/25/2002	176	10	1155	1	68.9	67.8	0.037	38.41	1.283	0.052
6/25/2002	176	10	1156	2	227.8	200.2	0.171	38.68	1.411	0.241
6/25/2002	176	11	1157	1	62.6	60.9	0.076	38.41	0.982	0.102
6/25/2002	176	11	1158	2	227.7	192.4	0.229	38.23	1.346	0.308
6/25/2002	176	12	1159	1	73.7	72.6	0.032	38.53	1.488	0.047
6/25/2002	176	12	1160	2	231	205.5	0.153	38.33	1.46	0.223
6/25/2002	176	13	1009	1	89.6	88.9	0.014	38.09	2.219	0.019
6/25/2002	176	13	1010	2	207.8	196.2	0.074	38.61	1.376	0.102
6/25/2002	176	14	1011	1	69	68.6	0.013	38.44	1.317	0.018
6/25/2002	176	14	1012	2	213.5	201.1	0.076	38.73	1.418	0.108
6/25/2002	176	15	1013	1	74.8	73.2	0.046	38.35	1.522	0.047
6/25/2002	176	15	1014	2	183.2	156.1	0.23	38.43	1.028	0.236
6/25/2002	176	16	1015	1	76.2	74.8	0.039	38.71	1.576	0.047
6/25/2002	176	16	1016	2	183.2	175.6	0.055	38.37	1.198	0.066
6/25/2002	176	17	1017	1	78.9	77.9	0.025	38.35	1.727	0.026
6/25/2002	176	17	1018	2	174.5	157.6	0.141	38.12	1.043	0.147
6/25/2002	176	18	1019	1	64	63.1	0.037	38.74	1.064	0.044
6/25/2002	176	18	1020	2	196.3	174.6	0.159	38.35	1.19	0.189
6/25/2002	176	19	1021	1	76.9	79.9	-999	38.03	1.828	-999
6/25/2002	176	19	1022	2	173.5	161.7	0.096	38.51	1.076	0.103
6/25/2002	176	20	1023	1	72.6	71.8	0.024	38.11	1.471	0.028
6/25/2002	176	20	1024	2	187.7	169.9	0.135	38.21	1.15	0.155
6/25/2002	176	21	1167	1	69.4	69.1	0.01	38.72	1.327	0.017
6/25/2002	176	21	1168	2	252.9	236.4	0.084	38.81	1.726	0.145
6/25/2002	176	22	1165	1	74.4	72.8	0.046	38.31	1.506	0.061
6/25/2002	176	22	1166	2	220.2	190.2	0.198	38.46	1.325	0.262
6/25/2002	176	23	1163	1	78.1	77.5	0.015	38.13	1.719	0.018
6/25/2002	176	23	1164	2	188.5	173.7	0.109	38.3	1.182	0.129
6/25/2002	176	24	1161	1	73.1	71.7	0.043	38.81	1.436	0.059
6/25/2002	176	24	1162	2	227.2	195.1	0.205	38.51	1.367	0.280
6/25/2002	176	25	1057	1	70.8	69.1	0.057	39.42	1.296	0.037
6/25/2002	176	25	1058	2	130.4	113.9	0.221	39.32	0.651	0.144
6/25/2002	176	26	1059	1	68.2	67	0.043	39.33	1.208	0.040
6/25/2002	176	26	1060	2	163.4	146.6	0.157	39.64	0.934	0.147
6/25/2002	176	27	1061	1	65.1	64.3	0.032	39.44	1.085	0.043
6/25/2002	176	27	1062	2	215.4	195	0.131	39.68	1.356	0.178
6/25/2002	176	28	1063	1	69	68.2	0.028	39.74	1.243	0.023
6/25/2002	176	28	1064	2	152.6	133.4	0.204	39.42	0.821	0.167
6/25/2002	176	29	1065	1	63.7	62.9	0.034	39.48	1.023	0.032
6/25/2002	176	29	1066	2	158.3	146.6	0.109	39.51	0.935	0.102
6/25/2002	176	30	1067	1	65.4	64.3	0.044	39.45	1.085	0.043
6/25/2002	176	30	1068	2	173.5	152.2	0.189	39.68	0.983	0.186
6/25/2002	176	31	1069	1	65.9	65.1	0.031	39.3	1.127	0.037
6/25/2002	176	31	1070	2	202.5	176.5	0.19	39.39	1.197	0.227
6/25/2002	176	32	1071	1	67.5	66.8	0.026	39.91	1.174	0.033
6/25/2002	176	32	1072	2	203.7	183.7	0.139	39.6	1.258	0.175
6/25/2002	176	33	1215	1	64.6	63.5	0.044	38.25	1.103	0.042
6/25/2002	176	33	1216	2	166.3	147.2	0.176	38.38	0.95	0.167
6/25/2002	176	34	1213	1	82.1	81.3	0.019	38.28	1.878	0.021
6/25/2002	176	34	1214	2	177.4	165.2	0.096	38.11	1.11	0.107
6/25/2002	176	35	1211	1	74	73.1	0.027	39.64	1.461	0.026
6/25/2002	176	35	1212	2	174.1	148.1	0.239	39.31	0.95	0.227
6/25/2002	176	36	1209	1	84.8	83.3	0.033	38.3	1.965	0.041
6/25/2002	176	36	1210	2	196.8	182	0.103	38.31	1.255	0.129
6/25/2002	176	38	1105	1	61.5	60.4	0.05	38.33	0.964	0.041
6/25/2002	176	38	1106	2	147.4	131.7	0.168	38.39	0.815	0.137
6/25/2002	176	39	1107	1	58.4	58	0.02	38.38	0.857	0.026
6/25/2002	176	39	1108	2	210.5	188.4	0.147	38.32	1.311	0.193
6/25/2002	176	40	1109	1	65	64.3	0.027	38.32	1.134	0.022
6/25/2002	176	40	1110	2	148.7	131.9	0.18	38.61	0.815	0.147
6/25/2002	176	41	1111	1	67.4	65.9	0.054	38.11	1.213	0.064
6/25/2002	176	41	1112	2	196.7	173.8	0.169	38.34	1.183	0.200
6/25/2002	176	42	1113	1	88	87.2	0.016	38.67	2.119	0.021
6/25/2002	176	42	1114	2	199.6	190.5	0.06	38.22	1.33	0.080
6/25/2002	176	43	1115	1	69.5	68.2	0.043	38.06	1.316	0.058
6/25/2002	176	43	1116	2	220.8	195.3	0.164	39.59	1.36	0.223
6/25/2002	176	44	1117	1	63.3	62.4	0.039	39.52	0.999	0.033
6/25/2002	176	44	1118	2	149.1	137.9	0.114	39.64	0.858	0.098
6/25/2002	176	45	1201	1	76	74.2	0.05	38.01	1.58	0.044
6/25/2002	176	45	1202	2	155	138	0.17	38.03	0.873	0.148
6/25/2002	176	46	1203	1	75.3	74.3	0.028	38.23	1.575	0.036
6/25/2002	176	46	1204	2	206.9	186.2	0.14	38.36	1.291	0.181
6/25/2002	176	47	1205	1	66	65.3	0.026	38.16	1.185	0.036
6/25/2002	176	47	1206	2	216.5	198.8	0.11	38.1	1.403	0.154
6/25/2002	176	48	1207	1	66.9	64.9	0.08	39.82	1.095	0.117
6/25/2002	176	48	1208	2	233	205.3	0.166	38.45	1.457	0.242
6/26/2002	177	1	977	1	63.7	62.2	0.063	38.42	1.038	0.057
6/26/2002	177	1	978	2	166.3	142.2	0.232	38.47	0.906	0.210
6/26/2002	177	2	979	1	70.9	69.6	0.042	38.39	1.363	0.054
6/26/2002	177	2	980	2	209.9	185.2	0.168	38.45	1.282	0.215
6/26/2002	177	3	981	1	95.9	93.5	0.044	38.33	2.409	0.042
6/26/2002	177	3	982	2	168.4	148.2	0.184	38.38	0.959	0.176
6/26/2002	177	4	983	1	92.3	89.7	0.051	38.52	2.235	0.081
6/26/2002	177	4	984	2	246.9	220.3	0.146	38.53	1.587	0.232
6/26/2002	177	5	985	1	73.2	70.6	0.082	38.72	1.392	0.109
6/26/2002	177	5	986	2	224.7	191.6	0.216	38.7	1.335	0.288
6/26/2002	177	6	987	1	85.7	84.8	0.019	38.37	2.027	0.021
6/26/2002	177	6	988	2	182.9	167.6	0.119	38.73	1.125	0.134
6/26/2002	177	7	989	1	75.5	74.2	0.036	38.44	1.561	0.047
6/26/2002	177	7	990	2	209.8	188.4	0.143	38.64	1.308	0.187
6/26/2002	177	8	991	1	66.6	65.8	0.029	38.36	1.198	0.040
6/26/2002	177	8	992	2	222.2	195.9	0.167	38.46	1.375	0.230
6/26/2002	177	9	1169	1	73.6	71.9	0.051	38.45	1.461	0.079
6/26/2002	177	9	1170	2	249.1	215.8	0.188	38.65	1.547	0.291
6/26/2002	177	10	1171	1	69.1	68.4	0.024	38.73	1.296	-999
6/26/2002	177	10	1172	2	180.1	-999	-999	-999	-999	-999
6/26/2002	177	11	1173	1	77.3	74	0.093	38.47	1.551	0.123
6/26/2002	177	11	1174	2	222.1	189.9	0.213	38.78	1.32	0.281
6/26/2002	177	12	1175	1	76.2	75.4	0.022	38.42	1.615	0.032
6/26/2002	177	12	1176	2	218.8	202.4	0.1	38.31	1.433	0.143
6/26/2002	177	13	1025	1	77.2	76.4	0.021	38.16	1.67	0.025
6/26/2002	177	13	1026	2	183.2	175.2	0.059	38.45	1.194	0.070
6/26/2002	177	14	1027	1	76.5	75.7	0.021	38.26	1.635	0.024
6/26/2002	177	14	1028	2	179.2	170.5	0.066	38.31	1.154	0.076
6/26/2002	177	15	1029	1	63.5	62	0.064	38.51	1.026	0.060
6/26/2002	177	15	1030	2	173	146	0.25	38.02	0.943	0.236
6/26/2002	177	16	1031	1	76.7	76.2	0.013	38.45	1.648	0.014
6/26/2002	177	16	1032	2	167.9	157.9	0.084	38.54	1.042	0.088
6/26/2002	177	17	1033	1	70.9	69.2	0.055	38.25	1.351	0.069
6/26/2002	177	17	1034	2	207	181.6	0.177	38.15	1.253	0.222
6/26/2002	177	18	1035	1	65.8	65	0.03	38.28	1.167	0.033
6/26/2002	177	18	1036	2	183.7	164.6	0.152	38.63	1.1	0.167
6/26/2002	177	19	1037	1	74.2	73.6	0.017	38.56	1.53	0.020
6/26/2002	177	19	1038	2	185.5	175.8	0.071	38.28	1.201	0.085
6/26/2002	177	20	1039	1	62.9	62.2	0.03	38.55	1.033	0.031
6/26/2002	177	20	1040	2	173.7	157.5	0.136	38.1	1.043	0.142
6/26/2002	177	21	1183	1	78.7	78.2	0.013	38.63	1.728	0.021
6/26/2002	177	21	1184	2	240.2	225.3	0.08	38.32	1.633	0.131
6/26/2002	177	22	1181	1	78.4	76.8	0.042	38.8	1.659	0.056
6/26/2002	177	22	1182	2	208.2	192.5	0.102	38.44	1.345	0.137
6/26/2002	177	23	1179	1	76.9	76.2	0.019	38.76	1.635	0.026
6/26/2002	177	23	1180	2	208.1	197.8	0.065	38.86	1.388	0.090
6/26/2002	177	24	1177	1	70.8	69.4	0.045	38.52	1.348	0.062
6/26/2002	177	24	1178	2	212.1	195.2	0.108	38.12	1.372	0.148
6/26/2002	177	25	1073	1	58.8	58	0.043	39.43	0.811	0.057
6/26/2002	177	25	1074	2	225.3	190.3	0.233	39.77	1.315	0.306
6/26/2002	177	26	1075	1	79.5	76	0.095	39.3	1.602	0.131
6/26/2002	177	26	1076	2	228	196.7	0.199	39.2	1.375	0.274
6/26/2002	177	27	1077	1	71	70	0.033	39.81	1.318	0.037
6/26/2002	177	27	1078	2	186.7	169.2	0.135	39.44	1.133	0.153
6/26/2002	177	28	1079	1	70.8	70	0.026	39.51	1.331	0.023
6/26/2002	177	28	1080	2	161.5	141.3	0.196	38.13	0.901	0.177
6/26/2002	177	29	1081	1	76.8	76	0.021	38.1	1.655	0.021
6/26/2002	177	29	1082	2	160.1	150.7	0.083	38.09	0.983	0.082
6/26/2002	177	30	1083	1	65.9	64.8	0.042	38.5	1.148	0.043
6/26/2002	177	30	1084	2	172.3	154.4	0.154	38.36	1.013	0.156
6/26/2002	177	31	1085	1	74.6	72.8	0.052	38.16	1.513	0.056
6/26/2002	177	31	1086	2	185	162.5	0.181	38.27	1.085	0.196
6/26/2002	177	32	1087	1	65.8	64.9	0.034	38.59	1.149	0.039
6/26/2002	177	32	1088	2	188	168.2	0.153	38.38	1.134	0.174
6/26/2002	177	33	1231	1	71.1	68.6	0.083	38.35	1.321	0.069
6/26/2002	177	33	1232	2	148.8	133.7	0.158	38.28	0.833	0.132
6/26/2002	177	34	1229	1	98.6	96.8	0.031	38.56	2.543	0.024
6/26/2002	177	34	1230	2	132.2	126.5	0.065	38.2	0.771	0.050
6/26/2002	177	35	1227	1	63.3	62.7	0.025	38.36	1.063	0.028
6/26/2002	177	35	1228	2	196.3	164.5	0.252	38.55	1.1	0.277
6/26/2002	177	36	1225	1	60.2	59.1	0.053	38.18	0.913	0.068
6/26/2002	177	36	1226	2	202	186.4	0.105	38.43	1.292	0.136
6/26/2002	177	38	1121	1	67	66.2	0.03	39.75	1.155	0.032
6/26/2002	177	38	1122	2	179.9	162.8	0.139	39.46	1.077	0.150
6/26/2002	177	39	1123	1	76.7	76.1	0.016	38.28	1.651	0.015
6/26/2002	177	39	1124	2	162.6	149.1	0.122	38.3	0.968	0.118
6/26/2002	177	40	1125	1	63.2	62.8	0.016	38.33	1.068	0.014
6/26/2002	177	40	1126	2	153.8	139.5	0.143	39.78	0.871	0.125
6/26/2002	177	41	1127	1	67.2	66.4	0.03	39.49	1.175	0.034
6/26/2002	177	41	1128	2	189.3	169.3	0.154	39.19	1.136	0.175
6/26/2002	177	42	1129	1	118.3	116.9	0.018	38.36	3.429	0.020
6/26/2002	177	42	1130	2	174.9	168.3	0.051	39.36	1.126	0.057
6/26/2002	177	43	1131	1	72.5	71.2	0.041	39.34	1.391	0.054
6/26/2002	177	43	1132	2	213.3	190	0.155	39.57	1.314	0.204
6/26/2002	177	44	1133	1	70.4	69.6	0.025	38.08	1.376	0.026
6/26/2002	177	44	1134	2	167.8	155.3	0.107	37.95	1.025	0.110
6/26/2002	177	45	1217	1	52.8	50.1	0.229	38.29	0.516	0.237
6/26/2002	177	45	1218	2	188.2	156.9	0.264	38.16	1.037	0.274
6/26/2002	177	46	1219	1	74	70.7	0.102	38.48	1.407	0.111
6/26/2002	177	46	1220	2	179	163.3	0.126	38.34	1.091	0.137
6/26/2002	177	47	1221	1	53.3	52.9	0.027	38.28	0.638	0.038
6/26/2002	177	47	1222	2	219.3	199.9	0.12	38.39	1.41	0.169
6/26/2002	177	48	1223	1	63.7	61.7	0.084	38.03	1.034	0.134
6/26/2002	177	48	1224	2	253.8	220.7	0.181	38.22	1.594	0.289
6/27/2002	178	1	993	1	56.1	55.2	0.053	38.18	0.743	0.039
6/27/2002	178	1	994	2	139.6	124	0.183	38.8	0.744	0.136
6/27/2002	178	2	995	1	63.9	62.7	0.05	38.64	1.051	0.048
6/27/2002	178	2	996	2	170	149.4	0.186	38.77	0.966	0.180
6/27/2002	178	3	997	1	69.3	66.5	0.1	38.55	1.22	0.088
6/27/2002	178	3	998	2	156.7	138.3	0.184	38.12	0.875	0.161
6/27/2002	178	4	999	1	86.8	84.4	0.052	38.56	2.002	0.066
6/27/2002	178	4	1000	2	202.1	183.6	0.128	38.64	1.266	0.162
6/27/2002	178	5	1001	1	69.8	68.5	0.044	38.72	1.3	0.055
6/27/2002	178	5	1002	2	207.1	182.6	0.17	38.22	1.261	0.214
6/27/2002	178	6	1003	1	74.1	73.1	0.029	38.37	1.516	0.032
6/27/2002	178	6	1004	2	180.1	165.9	0.111	38.45	1.113	0.124
6/27/2002	178	7	1005	1	70.7	69.8	0.029	38.44	1.369	0.031
6/27/2002	178	7	1006	2	179.7	161.6	0.147	38.57	1.074	0.158
6/27/2002	178	8	1007	1	60.9	60.4	0.023	38.52	0.955	0.028
6/27/2002	178	8	1008	2	199.8	175.9	0.174	38.69	1.198	0.208
6/27/2002	178	9	1185	1	72.4	69.9	0.081	38.85	1.356	0.123
6/27/2002	178	9	1186	2	246	213	0.189	38.67	1.522	0.288
6/27/2002	178	10	1187	1	68.2	66.7	0.053	38.53	1.23	0.077
6/27/2002	178	10	1188	2	234.5	205.2	0.177	39.8	1.444	0.256
6/27/2002	178	11	1189	1	70.5	69	0.049	38.63	1.326	0.065
6/27/2002	178	11	1190	2	219.2	190.9	0.185	38.31	1.333	0.247
6/27/2002	178	12	1191	1	72.4	71.3	0.033	38.34	1.439	0.049
6/27/2002	178	12	1192	2	229.1	207	0.131	38.39	1.472	0.193
6/27/2002	178	13	1041	1	77.9	77.5	0.01	38.41	1.707	0.010
6/27/2002	178	13	1042	2	162.9	158.2	0.039	38.42	1.046	0.041
6/27/2002	178	14	1043	1	65.1	64.6	0.019	38.37	1.145	0.021
6/27/2002	178	14	1044	2	172.8	163.3	0.077	39.53	1.081	0.083
6/27/2002	178	15	1045	1	70	68.8	0.041	39.41	1.283	0.048
6/27/2002	178	15	1046	2	202.9	173.3	0.221	39.61	1.167	0.258
6/27/2002	178	16	1047	1	69.4	69	0.014	39.5	1.288	0.017
6/27/2002	178	16	1048	2	195.8	181.6	0.1	39.04	1.245	0.125
6/27/2002	178	17	1049	1	73.8	73	0.024	39.35	1.469	0.022
6/27/2002	178	17	1050	2	159.2	144.6	0.139	39.26	0.92	0.128
6/27/2002	178	18	1051	1	69.2	68.4	0.028	39.4	1.266	0.033
6/27/2002	178	18	1052	2	190.5	172.1	0.138	38.97	1.163	0.160
6/27/2002	178	19	1053	1	74.7	74.2	0.014	39.49	1.516	0.014
6/27/2002	178	19	1054	2	158.5	151.9	0.059	39.88	0.978	0.058
6/27/2002	178	20	1055	1	58.5	58.2	0.016	39.37	0.822	0.017
6/27/2002	178	20	1056	2	168.3	158.6	0.081	39.34	1.041	0.084
6/27/2002	178	21	1199	1	77.5	77.1	0.011	39.71	1.633	0.018
6/27/2002	178	21	1200	2	243.7	230.5	0.069	38.21	1.679	0.116
6/27/2002	178	22	1197	1	73.4	71.4	0.06	38.3	1.445	0.084
6/27/2002	178	22	1198	2	224	199.5	0.153	39.76	1.395	0.213
6/27/2002	178	23	1195	1	75.3	74.4	0.025	38.32	1.575	0.031
6/27/2002	178	23	1196	2	199.5	182	0.122	38.47	1.253	0.153
6/27/2002	178	24	1193	1	73.5	70.3	0.1	38.25	1.399	0.154
6/27/2002	178	24	1194	2	251.3	216.7	0.196	40.07	1.542	0.302
6/27/2002	178	25	1089	1	62.6	61.8	0.034	37.97	1.041	0.030
6/27/2002	178	25	1090	2	153.6	139	0.145	38.35	0.879	0.127
6/27/2002	178	26	1091	1	68	66.8	0.042	37.96	1.259	0.050
6/27/2002	178	26	1092	2	196.4	175.6	0.152	38.35	1.199	0.182
6/27/2002	178	27	1093	1	71.7	70.7	0.031	38.19	1.42	0.038
6/27/2002	178	27	1094	2	193.1	177.9	0.109	38.27	1.219	0.133
6/27/2002	178	28	1095	1	69.8	69	0.026	38.32	1.34	0.022
6/27/2002	178	28	1096	2	154.5	137	0.177	38.28	0.862	0.153
6/27/2002	178	29	1097	1	79.2	78.4	0.021	39.59	1.695	0.024
6/27/2002	178	29	1098	2	177.1	167.2	0.077	38.44	1.124	0.087
6/27/2002	178	30	1099	1	67.4	65.9	0.054	37.95	1.22	0.065
6/27/2002	178	30	1100	2	201.8	177	0.179	38.36	1.211	0.217
6/27/2002	178	31	1101	1	85.5	83.3	0.049	38.34	1.963	0.051
6/27/2002	178	31	1102	2	175.9	157.4	0.156	38.43	1.039	0.162
6/27/2002	178	32	1103	1	68.5	67.5	0.034	38.43	1.269	0.034
6/27/2002	178	32	1104	2	168	152.7	0.134	38.35	0.999	0.134
6/27/2002	178	33	1247	1	76.5	74.6	0.053	38.45	1.578	0.038
6/27/2002	178	33	1248	2	150.1	120.5	0.359	38.08	0.72	0.258
6/27/2002	178	34	1245	1	89.3	88	0.026	38.22	2.174	0.027
6/27/2002	178	34	1246	2	167.1	158.6	0.071	38.68	1.047	0.074
6/27/2002	178	35	1243	1	67.4	66.6	0.028	38.33	1.234	0.028
6/27/2002	178	35	1244	2	174.7	154.4	0.175	38.63	1.011	0.177
6/27/2002	178	36	1241	1	70.1	69.2	0.029	38.38	1.346	0.039
6/27/2002	178	36	1242	2	210.9	194	0.109	38.53	1.358	0.148
6/27/2002	178	38	1137	1	60.5	59.9	0.028	38.32	0.942	0.029
6/27/2002	178	38	1138	2	169.2	156.5	0.108	39.25	1.024	0.111
6/27/2002	178	39	1139	1	65.4	65	0.016	39.54	1.112	0.019
6/27/2002	178	39	1140	2	185.8	172.7	0.098	39.6	1.162	0.114
6/27/2002	178	40	1141	1	60.1	59.6	0.023	38.01	0.943	0.023
6/27/2002	178	40	1142	2	168.3	154	0.124	38.33	1.01	0.125
6/27/2002	178	41	1143	1	65.7	64.8	0.034	38.38	1.154	0.039
6/27/2002	178	41	1144	2	188.7	169.2	0.149	38.23	1.144	0.170
6/27/2002	178	42	1145	1	87.2	86	0.025	38.13	2.09	0.032
6/27/2002	178	42	1146	2	193.3	187	0.042	38.39	1.298	0.055
6/27/2002	178	43	1147	1	60.2	58.3	0.094	38.13	0.881	0.110
6/27/2002	178	43	1148	2	212.4	172.4	0.298	38.19	1.172	0.349
6/27/2002	178	44	1149	1	63.1	55	0.488	38.4	0.725	0.397
6/27/2002	178	44	1150	2	157.8	131.3	0.285	38.19	0.813	0.232
6/27/2002	178	45	1233	1	88.9	81.2	0.181	38.75	1.854	0.145
6/27/2002	178	45	1234	2	150.7	130.4	0.221	38.43	0.803	0.177
6/27/2002	178	46	1235	1	55.1	54.5	0.037	38.36	0.705	0.050
6/27/2002	178	46	1236	2	213.6	193.9	0.127	38.67	1.356	0.172
6/27/2002	178	47	1237	1	54.6	54	0.039	38.61	0.672	0.049
6/27/2002	178	47	1238	2	200.9	181.8	0.133	38.36	1.253	0.167
6/27/2002	178	48	1239	1	64.4	61.8	0.111	38.41	1.021	0.149
6/27/2002	178	48	1240	2	220.8	191.9	0.188	38.52	1.339	0.252
6/29/2002	180	1	961	1	75	72.5	0.074	38.69	1.476	0.068
6/29/2002	180	1	962	2	162.8	143.2	0.187	38.43	0.915	0.171
6/29/2002	180	2	963	1	69.6	68.5	0.037	38.62	1.305	0.038
6/29/2002	180	2	964	2	171.3	156.9	0.122	38.85	1.031	0.126
6/29/2002	180	3	965	1	76.4	75.1	0.036	38.75	1.587	0.041
6/29/2002	180	3	966	2	192.4	170.6	0.165	38.69	1.152	0.190
6/29/2002	180	4	967	1	78.6	77.2	0.036	38.13	1.706	0.048
6/29/2002	180	4	968	2	207.5	191.2	0.107	38.47	1.334	0.143
6/29/2002	180	5	969	1	58.1	57.4	0.037	38.57	0.822	0.042
6/29/2002	180	5	970	2	187.5	169.2	0.14	38.55	1.141	0.160
6/29/2002	180	6	971	1	78.8	78	0.02	38.63	1.719	0.023
6/29/2002	180	6	972	2	186.1	172.7	0.1	38.29	1.174	0.117
6/29/2002	180	7	973	1	68.3	67.4	0.031	38.35	1.268	0.033
6/29/2002	180	7	974	2	172.7	159	0.114	38.71	1.05	0.120
6/29/2002	180	8	975	1	60.5	60	0.024	38.79	0.926	0.028
6/29/2002	180	8	976	2	188.1	172.7	0.115	38.26	1.174	0.135
6/29/2002	180	9	1153	1	75.7	74.2	0.042	38.69	1.551	0.061
6/29/2002	180	9	1154	2	224.2	203.3	0.127	38.13	1.442	0.183
6/29/2002	180	10	1155	1	81.3	79.9	0.034	38.41	1.812	0.038
6/29/2002	180	10	1156	2	182	167.1	0.116	38.68	1.121	0.130
6/29/2002	180	11	1157	1	62.1	61.1	0.044	38.41	0.991	0.066
6/29/2002	180	11	1158	2	230.7	209.4	0.124	38.23	1.495	0.185
6/29/2002	180	12	1159	1	78.6	77.4	0.031	38.53	1.697	0.047
6/29/2002	180	12	1160	2	228.6	211.4	0.099	38.33	1.511	0.150
6/29/2002	180	13	1009	1	75.7	75	0.019	38.09	1.612	0.024
6/29/2002	180	13	1010	2	187.6	181.8	0.041	38.61	1.25	0.051
6/29/2002	180	14	1011	1	73.5	72.7	0.023	38.44	1.496	0.033
6/29/2002	180	14	1012	2	211.5	201.5	0.061	38.73	1.421	0.087
6/29/2002	180	15	1013	1	67.3	65.7	0.059	38.35	1.194	0.053
6/29/2002	180	15	1014	2	157.5	141.4	0.156	38.43	0.899	0.140
6/29/2002	180	16	1015	1	74.8	73.8	0.028	38.71	1.532	0.031
6/29/2002	180	16	1016	2	175.1	165.3	0.077	38.37	1.108	0.085
6/29/2002	180	17	1017	1	69.6	68.2	0.047	38.35	1.303	0.063
6/29/2002	180	17	1018	2	214.6	191.9	0.148	38.12	1.343	0.199
6/29/2002	180	18	1019	1	80.2	78.8	0.035	38.74	1.749	0.038
6/29/2002	180	18	1020	2	176.9	162.2	0.119	38.35	1.082	0.129
6/29/2002	180	19	1021	1	83.6	82.4	0.027	38.03	1.937	0.031
6/29/2002	180	19	1022	2	178.1	168.2	0.076	38.51	1.133	0.086
6/29/2002	180	20	1023	1	69.7	69.2	0.016	38.11	1.358	0.015
6/29/2002	180	20	1024	2	154.2	147.9	0.057	38.21	0.958	0.055
6/29/2002	180	21	1167	1	95	94.3	0.013	38.72	2.427	0.019
6/29/2002	180	21	1168	2	216.9	206.3	0.063	38.81	1.463	0.092
6/29/2002	180	22	1165	1	72.5	70.9	0.049	38.31	1.423	0.064
6/29/2002	180	22	1166	2	205.3	188.9	0.109	38.46	1.314	0.143
6/29/2002	180	23	1163	1	63.8	63.3	0.02	38.13	1.099	0.028
6/29/2002	180	23	1164	2	214.4	198.1	0.102	38.3	1.395	0.142
6/29/2002	180	24	1161	1	71.8	69.6	0.071	38.81	1.344	0.103
6/29/2002	180	24	1162	2	231.6	205.1	0.159	38.51	1.455	0.231
6/29/2002	180	25	1057	1	70.8	69.3	0.05	39.42	1.305	0.043
6/29/2002	180	25	1058	2	158.7	138.1	0.209	39.32	0.863	0.180
6/29/2002	180	26	1059	1	50.9	50.3	0.055	39.33	0.479	0.073
6/29/2002	180	26	1060	2	221.2	191.9	0.192	39.64	1.33	0.255
6/29/2002	180	27	1061	1	62.6	61.7	0.04	39.44	0.972	0.046
6/29/2002	180	27	1062	2	187.8	172.2	0.118	39.68	1.157	0.137
6/29/2002	180	28	1063	1	68.7	67.9	0.028	39.74	1.23	0.024
6/29/2002	180	28	1064	2	153	138	0.152	39.42	0.861	0.131
6/29/2002	180	29	1065	1	69.5	68.9	0.02	39.48	1.285	0.021
6/29/2002	180	29	1066	2	163.8	157.3	0.055	39.51	1.029	0.057
6/29/2002	180	30	1067	1	78.5	76.4	0.057	39.45	1.613	0.062
6/29/2002	180	30	1068	2	187.4	164.9	0.18	39.68	1.094	0.197
6/29/2002	180	31	1069	1	76.7	75.3	0.039	39.3	1.572	0.039
6/29/2002	180	31	1070	2	167.7	152.6	0.133	39.39	0.989	0.132
6/29/2002	180	32	1071	1	75	73.9	0.032	39.91	1.484	0.035
6/29/2002	180	32	1072	2	178.6	164.2	0.116	39.6	1.088	0.126
6/29/2002	180	33	1209	1	49.6	49.3	0.027	38.3	0.48	0.038
6/29/2002	180	33	1210	2	216.1	200.7	0.095	38.31	1.418	0.135
6/29/2002	180	34	1211	1	48.9	48.7	0.022	39.64	0.396	0.025
6/29/2002	180	34	1212	2	197.6	171.4	0.198	39.31	1.154	0.228
6/29/2002	180	35	1213	1	57.2	57	0.011	38.28	0.817	0.016
6/29/2002	180	35	1214	2	216.8	206.3	0.062	38.11	1.469	0.091
6/29/2002	180	36	1215	1	71.4	69.4	0.064	38.25	1.36	0.085
6/29/2002	180	36	1216	2	215.8	190.2	0.169	38.38	1.326	0.224
6/29/2002	180	38	1105	1	58.2	57.6	0.031	38.33	0.841	0.031
6/29/2002	180	38	1106	2	163.7	153.1	0.092	38.39	1.002	0.092
6/29/2002	180	39	1107	1	70.4	69.8	0.019	38.38	1.372	0.022
6/29/2002	180	39	1108	2	187.2	169.8	0.132	38.32	1.148	0.152
6/29/2002	180	40	1109	1	61.3	60.8	0.022	38.32	0.982	0.023
6/29/2002	180	40	1110	2	174.9	159.3	0.129	38.61	1.054	0.136
6/29/2002	180	41	1111	1	61.7	59.2	0.119	38.11	0.921	0.149
6/29/2002	180	41	1112	2	202.1	181.4	0.145	38.34	1.249	0.181
6/29/2002	180	42	1113	1	76.4	76.1	0.008	38.67	1.634	0.010
6/29/2002	180	42	1114	2	179.5	175.9	0.026	38.22	1.202	0.031
6/29/2002	180	43	1115	1	54.2	53.4	0.052	38.06	0.67	0.073
6/29/2002	180	43	1116	2	221.3	199.7	0.135	39.59	1.398	0.189
6/29/2002	180	44	1117	1	92.3	89.3	0.06	39.52	2.174	0.065
6/29/2002	180	44	1118	2	178.8	163.7	0.122	39.64	1.083	0.132
6/29/2002	180	45	1201	1	59	57.7	0.066	38.01	0.86	0.080
6/29/2002	180	45	1202	2	203.4	176.2	0.197	38.03	1.207	0.238
6/29/2002	180	46	1203	1	77.2	75.6	0.043	38.23	1.632	0.045
6/29/2002	180	46	1204	2	174.2	158.5	0.131	38.36	1.049	0.137
6/29/2002	180	47	1205	1	58.7	57.6	0.057	38.16	0.849	0.079
6/29/2002	180	47	1206	2	218.7	196.8	0.138	38.1	1.386	0.191
6/29/2002	180	48	1207	1	56.6	55.8	0.05	39.82	0.698	0.062
6/29/2002	180	48	1208	2	204.4	179.5	0.177	38.45	1.232	0.218
6/30/2002	181	1	977	1	64.1	62.1	0.084	38.42	1.034	0.091
6/30/2002	181	1	978	2	181.2	163.1	0.145	38.47	1.088	0.158
6/30/2002	181	2	979	1	60.7	59.6	0.052	38.39	0.926	0.053
6/30/2002	181	2	980	2	171.3	156.2	0.128	38.45	1.028	0.132
6/30/2002	181	3	981	1	68.5	67.6	0.031	38.33	1.278	0.042
6/30/2002	181	3	982	2	220.8	193.6	0.175	38.38	1.356	0.237
6/30/2002	181	4	983	1	76.4	75.1	0.036	38.52	1.597	0.035
6/30/2002	181	4	984	2	157.5	148.9	0.078	38.53	0.964	0.075
6/30/2002	181	5	985	1	70.3	69.1	0.039	38.72	1.327	0.048
6/30/2002	181	5	986	2	198.8	179.9	0.134	38.7	1.233	0.165
6/30/2002	181	6	987	1	67.1	66.4	0.025	38.37	1.224	0.024
6/30/2002	181	6	988	2	157.3	148.5	0.08	38.73	0.959	0.077
6/30/2002	181	7	989	1	76.6	75.1	0.041	38.44	1.601	0.053
6/30/2002	181	7	990	2	202.3	187.3	0.101	38.64	1.298	0.131
6/30/2002	181	8	991	1	73.3	72.4	0.026	38.36	1.486	0.034
6/30/2002	181	8	992	2	205.9	188.4	0.117	38.46	1.309	0.153
6/30/2002	181	9	1169	1	72.2	70.6	0.05	38.45	1.404	0.061
6/30/2002	181	9	1170	2	199.5	178.5	0.15	38.65	1.221	0.183
6/30/2002	181	10	1171	1	68.3	67.5	0.028	38.73	1.256	0.034
6/30/2002	181	10	1172	2	189.5	176.4	0.095	38.21	1.207	0.115
6/30/2002	181	11	1173	1	57	56	0.057	38.47	0.765	0.085
6/30/2002	181	11	1174	2	236.7	209.4	0.16	38.78	1.49	0.238
6/30/2002	181	12	1175	1	69.7	69	0.023	38.42	1.335	0.034
6/30/2002	181	12	1176	2	231.6	209.6	0.128	38.31	1.496	0.191
6/30/2002	181	13	1025	1	53.9	53.6	0.019	38.16	0.674	0.021
6/30/2002	181	13	1026	2	168.2	164.3	0.031	38.45	1.099	0.034
6/30/2002	181	14	1027	1	63.7	63.3	0.016	38.26	1.093	0.017
6/30/2002	181	14	1028	2	163.8	157.7	0.051	38.31	1.043	0.053
6/30/2002	181	15	1029	1	65.5	64.2	0.051	38.51	1.122	0.052
6/30/2002	181	15	1030	2	172.7	154.9	0.152	38.02	1.021	0.155
6/30/2002	181	16	1031	1	71.7	71	0.022	38.45	1.421	0.026
6/30/2002	181	16	1032	2	187.2	174	0.097	38.54	1.183	0.115
6/30/2002	181	17	1033	1	68.5	67.6	0.031	38.25	1.282	0.032
6/30/2002	181	17	1034	2	168.9	157.6	0.095	38.15	1.043	0.099
6/30/2002	181	18	1035	1	75	74.2	0.022	38.28	1.568	0.025
6/30/2002	181	18	1036	2	179	166.9	0.094	38.63	1.12	0.105
6/30/2002	181	19	1037	1	67.8	67.4	0.014	38.56	1.259	0.019
6/30/2002	181	19	1038	2	200	191.1	0.058	38.28	1.335	0.077
6/30/2002	181	20	1039	1	68.1	67.3	0.028	38.55	1.255	0.040
6/30/2002	181	20	1040	2	219.1	200.1	0.117	38.1	1.415	0.166
6/30/2002	181	21	1183	1	82.3	81.9	0.009	38.63	1.889	0.013
6/30/2002	181	21	1184	2	208.4	199.2	0.057	38.32	1.405	0.080
6/30/2002	181	22	1181	1	70.6	68.2	0.082	38.8	1.284	0.136
6/30/2002	181	22	1182	2	251.8	227.9	0.126	38.44	1.655	0.209
6/30/2002	181	23	1179	1	73.7	73.1	0.017	38.76	1.499	0.023
6/30/2002	181	23	1180	2	208.6	194.8	0.088	38.86	1.362	0.120
6/30/2002	181	24	1177	1	71.7	70.7	0.031	38.52	1.405	0.047
6/30/2002	181	24	1178	2	240.2	213.5	0.152	38.12	1.532	0.233
6/30/2002	181	25	1073	1	60	59.3	0.035	39.43	0.868	0.030
6/30/2002	181	25	1074	2	151	139.3	0.118	39.77	0.869	0.103
6/30/2002	181	26	1075	1	73	71.5	0.047	39.3	1.406	0.058
6/30/2002	181	26	1076	2	198.5	180.7	0.126	39.2	1.236	0.156
6/30/2002	181	27	1077	1	75.4	74.3	0.032	39.81	1.506	0.036
6/30/2002	181	27	1078	2	181.2	169.9	0.087	39.44	1.139	0.099
6/30/2002	181	28	1079	1	79.2	77.8	0.037	39.51	1.672	0.034
6/30/2002	181	28	1080	2	166.9	143.6	0.221	38.13	0.921	0.204
6/30/2002	181	29	1081	1	68.9	68.2	0.023	38.1	1.314	0.026
6/30/2002	181	29	1082	2	175.4	167.5	0.061	38.09	1.13	0.069
6/30/2002	181	30	1083	1	66.6	65.4	0.045	38.5	1.175	0.050
6/30/2002	181	30	1084	2	186.9	166.6	0.158	38.36	1.12	0.177
6/30/2002	181	31	1085	1	70	68.4	0.053	38.16	1.32	0.066
6/30/2002	181	31	1086	2	205	180.4	0.173	38.27	1.241	0.215
6/30/2002	181	32	1087	1	80.3	78.6	0.042	38.59	1.747	0.050
6/30/2002	181	32	1088	2	190.4	174.7	0.115	38.38	1.19	0.137
6/30/2002	181	33	1231	1	61.5	60.4	0.05	38.35	0.963	0.063
6/30/2002	181	33	1232	2	203.1	181.5	0.151	38.28	1.251	0.189
6/30/2002	181	34	1229	1	69.8	68.8	0.033	38.56	1.32	0.047
6/30/2002	181	34	1230	2	213.3	202.1	0.068	38.2	1.431	0.097
6/30/2002	181	35	1227	1	59.5	59	0.024	38.36	0.901	0.029
6/30/2002	181	35	1228	2	204.5	175.6	0.211	38.55	1.197	0.253
6/30/2002	181	36	1225	1	47.3	46.3	0.123	38.18	0.355	0.165
6/30/2002	181	36	1226	2	209.8	192.4	0.113	38.43	1.345	0.152
6/30/2002	181	38	1121	1	64.9	62.7	0.096	39.75	1.002	0.101
6/30/2002	181	38	1122	2	173.4	159.3	0.118	39.46	1.047	0.124
6/30/2002	181	39	1123	1	59.3	58.7	0.029	38.28	0.892	0.034
6/30/2002	181	39	1124	2	194.5	172.2	0.167	38.3	1.169	0.195
6/30/2002	181	40	1125	1	60	59.5	0.024	38.33	0.924	0.021
6/30/2002	181	40	1126	2	153.4	140.8	0.125	39.78	0.882	0.110
6/30/2002	181	41	1127	1	62.2	61.2	0.046	39.49	0.948	0.053
6/30/2002	181	41	1128	2	191.5	171.8	0.149	39.19	1.158	0.173
6/30/2002	181	42	1129	1	78.8	78.1	0.018	38.36	1.735	0.025
6/30/2002	181	42	1130	2	205.2	198.2	0.044	39.36	1.387	0.061
6/30/2002	181	43	1131	1	62.1	61.2	0.041	39.34	0.954	0.051
6/30/2002	181	43	1132	2	194.2	181	0.093	39.57	1.235	0.115
6/30/2002	181	44	1133	1	66.6	65.5	0.04	38.08	1.197	0.045
6/30/2002	181	44	1134	2	177.7	165.6	0.095	37.95	1.115	0.106
6/30/2002	181	45	1217	1	66.2	63.5	0.107	38.29	1.101	0.114
6/30/2002	181	45	1218	2	186.7	160.1	0.218	38.16	1.065	0.232
6/30/2002	181	46	1219	1	47.5	47.2	0.034	38.48	0.381	0.030
6/30/2002	181	46	1220	2	147.4	139	0.083	38.34	0.879	0.073
6/30/2002	181	47	1221	1	55.2	54.2	0.063	38.28	0.695	0.095
6/30/2002	181	47	1222	2	231.9	210.1	0.127	38.39	1.5	0.191
6/30/2002	181	48	1223	1	66.6	65.1	0.055	38.03	1.182	0.075
6/30/2002	181	48	1224	2	220.8	193.5	0.176	38.22	1.356	0.239
7/1/2002	182	1	993	1	63	61.7	0.055	38.18	1.027	0.048
7/1/2002	182	1	994	2	154.5	139.1	0.154	38.8	0.876	0.135
7/1/2002	182	2	995	1	68.9	67.5	0.049	38.64	1.26	0.069
7/1/2002	182	2	996	2	223.8	199.8	0.149	38.77	1.406	0.209
7/1/2002	182	3	997	1	65.2	64.5	0.027	38.55	1.133	0.030
7/1/2002	182	3	998	2	187.8	166.5	0.166	38.12	1.121	0.186
7/1/2002	182	4	999	1	65.4	64.5	0.035	38.56	1.133	0.042
7/1/2002	182	4	1000	2	190	176.6	0.097	38.64	1.205	0.117
7/1/2002	182	5	1001	1	67.8	66.1	0.062	38.72	1.196	0.075
7/1/2002	182	5	1002	2	195.8	176.4	0.14	38.22	1.207	0.169
7/1/2002	182	6	1003	1	62.6	62.1	0.021	38.37	1.036	0.025
7/1/2002	182	6	1004	2	188.4	177.4	0.079	38.45	1.213	0.096
7/1/2002	182	7	1005	1	75.3	74.1	0.034	38.44	1.557	0.035
7/1/2002	182	7	1006	2	168.3	157.4	0.092	38.57	1.038	0.095
7/1/2002	182	8	1007	1	61.8	61.4	0.017	38.52	0.999	0.019
7/1/2002	182	8	1008	2	173.7	163.5	0.082	38.69	1.09	0.089
7/1/2002	182	9	1185	1	71.3	69.8	0.048	38.85	1.351	0.065
7/1/2002	182	9	1186	2	212.2	193.6	0.12	38.67	1.353	0.162
7/1/2002	182	10	1187	1	65.7	64.9	0.03	38.53	1.151	0.042
7/1/2002	182	10	1188	2	224.8	202	0.141	39.8	1.416	0.200
7/1/2002	182	11	1189	1	62.8	61.7	0.048	38.63	1.007	0.063
7/1/2002	182	11	1190	2	206.7	189.5	0.114	38.31	1.32	0.150
7/1/2002	182	12	1191	1	64.5	63.9	0.023	38.34	1.116	0.033
7/1/2002	182	12	1192	2	218.5	200.6	0.11	38.39	1.417	0.156
7/1/2002	182	13	1041	1	64.8	-999	-999	-999	-999	-999
7/1/2002	182	13	1042	2	170.7	164.6	0.048	38.42	1.102	0.053
7/1/2002	182	14	1043	1	73.4	72.8	0.017	38.37	1.503	0.022
7/1/2002	182	14	1044	2	193.9	184.6	0.064	39.53	1.267	0.081
7/1/2002	182	15	1045	1	59.4	58.7	0.036	39.41	0.842	0.030
7/1/2002	182	15	1046	2	148.5	134.8	0.144	39.61	0.831	0.120
7/1/2002	182	16	1047	1	71.5	70.9	0.019	39.5	1.371	0.024
7/1/2002	182	16	1048	2	197.8	183.9	0.096	39.04	1.265	0.121
7/1/2002	182	17	1049	1	76.1	75.1	0.028	39.35	1.561	0.035
7/1/2002	182	17	1050	2	199.8	182.2	0.123	39.26	1.248	0.154
7/1/2002	182	18	1051	1	66.6	66.2	0.015	39.4	1.17	0.018
7/1/2002	182	18	1052	2	188.9	176.6	0.089	38.97	1.202	0.107
7/1/2002	182	19	1053	1	63.9	63.7	0.008	39.49	1.057	0.009
7/1/2002	182	19	1054	2	180.9	173.7	0.054	39.88	1.169	0.063
7/1/2002	182	20	1055	1	68.3	67.6	0.025	39.37	1.233	0.027
7/1/2002	182	20	1056	2	172.2	162.2	0.081	39.34	1.073	0.087
7/1/2002	182	21	1199	1	71.4	71.2	0.006	39.71	1.375	0.009
7/1/2002	182	21	1200	2	207.3	201.6	0.035	38.21	1.427	0.050
7/1/2002	182	22	1197	1	61.6	60.8	0.036	38.3	0.982	0.048
7/1/2002	182	22	1198	2	207.9	192.3	0.102	39.76	1.332	0.136
7/1/2002	182	23	1195	1	72.1	71.4	0.021	38.32	1.444	0.030
7/1/2002	182	23	1196	2	212	199.4	0.078	38.47	1.405	0.110
7/1/2002	182	24	1193	1	66.9	66.2	0.025	38.25	1.22	0.037
7/1/2002	182	24	1194	2	227.5	207.8	0.117	40.07	1.465	0.171
7/1/2002	182	25	1089	1	66.2	65.2	0.037	37.97	1.189	0.035
7/1/2002	182	25	1090	2	162.3	147.7	0.134	38.35	0.955	0.128
7/1/2002	182	26	1091	1	62.3	61.3	0.043	37.96	1.019	0.057
7/1/2002	182	26	1092	2	213.1	189.4	0.157	38.35	1.319	0.207
7/1/2002	182	27	1093	1	73.9	72.9	0.029	38.19	1.516	0.031
7/1/2002	182	27	1094	2	169.8	159.4	0.086	38.27	1.058	0.091
7/1/2002	182	28	1095	1	76.3	75.3	0.027	38.32	1.615	0.029
7/1/2002	182	28	1096	2	178	161	0.139	38.28	1.072	0.149
7/1/2002	182	29	1097	1	69.2	68.5	0.024	39.59	1.262	0.028
7/1/2002	182	29	1098	2	180.4	170.8	0.073	38.44	1.156	0.084
7/1/2002	182	30	1099	1	70.7	69.1	0.051	37.95	1.36	0.061
7/1/2002	182	30	1100	2	197.7	174.3	0.172	38.36	1.187	0.204
7/1/2002	182	31	1101	1	71.9	70.6	0.04	38.34	1.409	0.050
7/1/2002	182	31	1102	2	208.5	181.6	0.188	38.43	1.25	0.235
7/1/2002	182	32	1103	1	72.7	71.6	0.033	38.43	1.448	0.042
7/1/2002	182	32	1104	2	203.4	183.8	0.135	38.35	1.27	0.171
7/1/2002	182	33	1247	1	68.9	67.3	0.055	38.45	1.26	0.069
7/1/2002	182	33	1248	2	199.2	180.8	0.129	38.08	1.246	0.161
7/1/2002	182	34	1245	1	75.1	74	0.031	38.22	1.562	0.046
7/1/2002	182	34	1246	2	223.6	209.5	0.083	38.68	1.492	0.124
7/1/2002	182	35	1243	1	64.9	63.8	0.043	38.33	1.112	0.056
7/1/2002	182	35	1244	2	222.9	188.1	0.233	38.63	1.305	0.304
7/1/2002	182	36	1241	1	70.7	70.2	0.016	38.38	1.389	0.019
7/1/2002	182	36	1242	2	179.2	171.1	0.061	38.53	1.158	0.071
7/1/2002	182	38	1137	1	68.3	67.2	0.038	38.32	1.261	0.041
7/1/2002	182	38	1138	2	175.6	162.2	0.109	39.25	1.074	0.117
7/1/2002	182	39	1139	1	62.8	62.3	0.022	39.54	0.994	0.028
7/1/2002	182	39	1140	2	208.9	186.8	0.15	39.6	1.285	0.193
7/1/2002	182	40	1141	1	66.2	65.6	0.022	38.01	1.205	0.023
7/1/2002	182	40	1142	2	170.2	157.4	0.107	38.33	1.04	0.111
7/1/2002	182	41	1143	1	52.2	51.7	0.038	38.38	0.582	0.045
7/1/2002	182	41	1144	2	186.4	172.5	0.104	38.23	1.173	0.122
7/1/2002	182	42	1145	1	64.1	63.9	0.008	38.13	1.125	0.011
7/1/2002	182	42	1146	2	197.7	193.9	0.024	38.39	1.358	0.033
7/1/2002	182	43	1147	1	68.1	66.8	0.045	38.13	1.252	0.065
7/1/2002	182	43	1148	2	225.2	204	0.128	38.19	1.448	0.185
7/1/2002	182	44	1149	1	64.7	63.9	0.031	38.4	1.113	0.034
7/1/2002	182	44	1150	2	174.6	164.7	0.078	38.19	1.105	0.086
7/1/2002	182	45	1233	1	68.2	66.5	0.061	38.75	1.212	0.076
7/1/2002	182	45	1234	2	205.9	180.6	0.178	38.43	1.242	0.221
7/1/2002	182	46	1235	1	67.8	66.9	0.032	38.36	1.246	0.039
7/1/2002	182	46	1236	2	192.1	177.3	0.107	38.67	1.211	0.130
7/1/2002	182	47	1237	1	71.6	70.5	0.034	38.61	1.392	0.047
7/1/2002	182	47	1238	2	213.8	195.2	0.119	38.36	1.37	0.163
7/1/2002	182	48	1239	1	68.4	66.4	0.071	38.41	1.222	0.109
7/1/2002	182	48	1240	2	239	214.1	0.142	38.52	1.533	0.218
7/2/2002	183	1	961	1	68.6	67.5	0.038	38.69	1.258	0.034
7/2/2002	183	1	962	2	152	140.4	0.114	38.43	0.89	0.101
7/2/2002	183	2	963	1	69.3	67.9	0.048	38.62	1.278	0.051
7/2/2002	183	2	964	2	174.6	159.6	0.124	38.85	1.054	0.131
7/2/2002	183	3	965	1	76.6	75.4	0.033	38.75	1.6	0.035
7/2/2002	183	3	966	2	171.3	159.1	0.101	38.69	1.052	0.106
7/2/2002	183	4	967	1	60.2	59.4	0.038	38.13	0.929	0.049
7/2/2002	183	4	968	2	203.3	186.3	0.115	38.47	1.291	0.148
7/2/2002	183	5	969	1	79.9	77.4	0.064	38.57	1.695	0.070
7/2/2002	183	5	970	2	182.4	163	0.156	38.55	1.087	0.170
7/2/2002	183	6	971	1	68.7	68	0.024	38.63	1.282	0.022
7/2/2002	183	6	972	2	153.2	144.1	0.086	38.29	0.924	0.079
7/2/2002	183	7	973	1	68.9	68.1	0.027	38.35	1.299	0.028
7/2/2002	183	7	974	2	163.8	155.4	0.072	38.71	1.019	0.073
7/2/2002	183	8	975	1	64	63.3	0.029	38.79	1.07	0.043
7/2/2002	183	8	976	2	225.1	206.7	0.109	38.26	1.471	0.160
7/2/2002	183	9	1153	1	69.3	69.3	0	38.69	1.337	0.000
7/2/2002	183	9	1154	2	241	218.7	0.123	38.13	1.577	0.194
7/2/2002	183	10	1155	1	69.9	68.9	0.033	38.41	1.331	0.041
7/2/2002	183	10	1156	2	197.6	179.7	0.127	38.68	1.231	0.156
7/2/2002	183	11	1157	1	59.6	58.6	0.05	38.41	0.882	0.073
7/2/2002	183	11	1158	2	235.2	206.2	0.173	38.23	1.467	0.254
7/2/2002	183	12	1159	1	70.9	70.1	0.025	38.53	1.378	0.039
7/2/2002	183	12	1160	2	236.6	218.9	0.098	38.33	1.577	0.155
7/2/2002	183	13	1009	1	72.4	72.1	0.009	38.09	1.485	0.011
7/2/2002	183	13	1010	2	182.2	178.6	0.026	38.61	1.223	0.032
7/2/2002	183	14	1011	1	66.7	66.4	0.011	38.44	1.221	0.013
7/2/2002	183	14	1012	2	175.3	170.3	0.038	38.73	1.149	0.044
7/2/2002	183	15	1013	1	72.2	70.7	0.046	38.35	1.413	0.054
7/2/2002	183	15	1014	2	193.1	173.4	0.146	38.43	1.179	0.172
7/2/2002	183	16	1015	1	64.1	63.5	0.024	38.71	1.082	0.035
7/2/2002	183	16	1016	2	220.5	204.7	0.095	38.37	1.453	0.138
7/2/2002	183	17	1017	1	70.5	69.5	0.032	38.35	1.36	0.040
7/2/2002	183	17	1018	2	199.2	179.5	0.139	38.12	1.235	0.172
7/2/2002	183	18	1019	1	71.5	70.6	0.028	38.74	1.391	0.038
7/2/2002	183	18	1020	2	213.6	194.6	0.122	38.35	1.364	0.166
7/2/2002	183	19	1021	1	75.8	75.5	0.008	38.03	1.636	0.009
7/2/2002	183	19	1022	2	174.5	169	0.042	38.51	1.14	0.048
7/2/2002	183	20	1023	1	81.7	80.8	0.021	38.11	1.864	0.024
7/2/2002	183	20	1024	2	180.6	169.8	0.082	38.21	1.149	0.094
7/2/2002	183	21	1167	1	65	64.7	0.012	38.72	1.134	0.017
7/2/2002	183	21	1168	2	211.3	205.3	0.036	38.81	1.454	0.052
7/2/2002	183	22	1165	1	65.7	64.5	0.046	38.31	1.144	0.049
7/2/2002	183	22	1166	2	172	161.1	0.089	38.46	1.071	0.095
7/2/2002	183	23	1163	1	55.4	55	0.024	38.13	0.737	0.032
7/2/2002	183	23	1164	2	206.7	192.7	0.091	38.3	1.348	0.123
7/2/2002	183	24	1161	1	64.6	63.9	0.028	38.81	1.096	0.039
7/2/2002	183	24	1162	2	220.1	199.8	0.126	38.51	1.409	0.178
7/2/2002	183	25	1057	1	73	71.9	0.034	39.42	1.418	0.036
7/2/2002	183	25	1058	2	181.4	161.2	0.166	39.32	1.064	0.177
7/2/2002	183	26	1059	1	70.6	69.3	0.043	39.33	1.309	0.048
7/2/2002	183	26	1060	2	182	167.3	0.115	39.64	1.115	0.128
7/2/2002	183	27	1061	1	77.8	76.6	0.032	39.44	1.623	0.041
7/2/2002	183	27	1062	2	199	185.1	0.096	39.68	1.27	0.122
7/2/2002	183	28	1063	1	79.2	77.5	0.045	39.74	1.649	0.051
7/2/2002	183	28	1064	2	191.8	169.1	0.175	39.42	1.132	0.198
7/2/2002	183	29	1065	1	69.9	69.2	0.024	39.48	1.298	0.026
7/2/2002	183	29	1066	2	171.1	163	0.066	39.51	1.078	0.071
7/2/2002	183	30	1067	1	72.1	70.6	0.048	39.45	1.36	0.050
7/2/2002	183	30	1068	2	179.9	160.2	0.163	39.68	1.052	0.171
7/2/2002	183	31	1069	1	85.3	83.4	0.043	39.3	1.926	0.040
7/2/2002	183	31	1070	2	159.7	144.9	0.14	39.39	0.921	0.129
7/2/2002	183	32	1071	1	67.1	66.4	0.026	39.91	1.157	0.026
7/2/2002	183	32	1072	2	164.2	154.1	0.088	39.6	1	0.088
7/2/2002	183	33	1201	1	89.9	87	0.059	38.01	2.139	0.062
7/2/2002	183	33	1202	2	174.9	158.7	0.134	38.03	1.054	0.141
7/2/2002	183	34	1203	1	82.2	80.7	0.035	38.23	1.854	0.037
7/2/2002	183	34	1204	2	169.7	160.3	0.077	38.36	1.065	0.082
7/2/2002	183	35	1205	1	67.7	66.7	0.035	38.16	1.246	0.028
7/2/2002	183	35	1206	2	147.5	129.1	0.202	38.1	0.795	0.161
7/2/2002	183	36	1207	1	60.4	59.9	0.025	39.82	0.877	0.040
7/2/2002	183	36	1208	2	237	221	0.088	38.45	1.594	0.140
7/2/2002	183	38	1105	1	55.7	55.7	0	38.33	0.758	0.000
7/2/2002	183	38	1106	2	157.9	148.6	0.084	38.39	0.962	0.081
7/2/2002	183	39	1107	1	57.5	57	0.027	38.38	0.813	0.031
7/2/2002	183	39	1108	2	182.6	170.9	0.088	38.32	1.158	0.102
7/2/2002	183	40	1109	1	65.2	64.9	0.011	38.32	1.161	0.010
7/2/2002	183	40	1110	2	151.4	143.9	0.071	38.61	0.919	0.065
7/2/2002	183	41	1111	1	59.2	58.3	0.045	38.11	0.882	0.045
7/2/2002	183	41	1112	2	165.7	153.3	0.108	38.34	1.004	0.108
7/2/2002	183	42	1113	1	84.9	84.5	0.009	38.67	2.001	0.010
7/2/2002	183	42	1114	2	171.9	168.3	0.028	38.22	1.136	0.032
7/2/2002	183	43	1115	1	60.7	59.7	0.046	38.06	0.945	0.069
7/2/2002	183	43	1116	2	232.5	210.6	0.128	39.59	1.493	0.191
7/2/2002	183	44	1117	1	72.5	71.6	0.028	39.52	1.401	0.030
7/2/2002	183	44	1119	2	172.7	163.4	0.075	39.51	1.082	0.081
7/2/2002	183	45	1209	1	64.8	62.4	0.1	38.3	1.052	0.102
7/2/2002	183	45	1210	2	177	154.6	0.193	38.31	1.016	0.196
7/2/2002	183	46	1211	1	79.6	77.8	0.047	39.64	1.666	0.057
7/2/2002	183	46	1212	2	193.1	177.1	0.116	39.31	1.203	0.140
7/2/2002	183	47	1213	1	63.4	62.9	0.02	38.28	1.075	0.031
7/2/2002	183	47	1214	2	231.2	213.1	0.103	38.11	1.528	0.157
7/2/2002	183	48	1215	1	66.8	65.5	0.048	38.25	1.19	0.058
7/2/2002	183	48	1216	2	197.4	176.8	0.149	38.38	1.209	0.180
7/4/2002	185	1	993	1	69.7	68.3	0.046	38.18	1.315	0.045
7/4/2002	185	1	994	2	162.7	149.6	0.118	38.8	0.968	0.114
7/4/2002	185	2	995	1	-999	-999	-999	-999	-999	-999
7/4/2002	185	2	996	2	-999	-999	-999	-999	-999	-999
7/4/2002	185	3	997	1	73	69.9	0.099	38.55	1.369	0.090
7/4/2002	185	3	998	2	149	142.6	0.061	38.12	0.912	0.056
7/4/2002	185	4	999	1	70.8	69.7	0.035	38.56	1.36	0.052
7/4/2002	185	4	1000	2	223.3	207.6	0.093	38.64	1.475	0.137
7/4/2002	185	5	1001	1	67.6	66.6	0.036	38.72	1.217	0.039
7/4/2002	185	5	1002	2	177.2	162.8	0.116	38.22	1.088	0.126
7/4/2002	185	6	1003	1	71.3	70.8	0.015	38.37	1.416	0.014
7/4/2002	185	6	1004	2	149.5	144	0.052	38.45	0.922	0.048
7/4/2002	185	7	1005	1	76	74.9	0.03	38.44	1.592	0.037
7/4/2002	185	7	1006	2	191	181	0.07	38.57	1.244	0.087
7/4/2002	185	8	1007	1	72.1	71.3	0.024	38.52	1.431	0.032
7/4/2002	185	8	1008	2	205.5	191.4	0.092	38.69	1.334	0.123
7/4/2002	185	9	1185	1	66.3	65.2	0.042	38.85	1.151	0.047
7/4/2002	185	9	1186	2	179.9	166.7	0.103	38.67	1.118	0.115
7/4/2002	185	10	1187	1	66.3	65.9	0.015	38.53	1.195	0.023
7/4/2002	185	10	1188	2	229.4	215.9	0.077	39.8	1.538	0.118
7/4/2002	185	11	1189	1	66.7	65.7	0.037	38.63	1.182	0.043
7/4/2002	185	11	1190	2	186	172	0.105	38.31	1.167	0.123
7/4/2002	185	12	1191	1	56.6	56.3	0.017	38.34	0.784	0.023
7/4/2002	185	12	1192	2	209	195.5	0.086	38.39	1.372	0.118
7/4/2002	185	13	1041	1	86	78.5	0.187	38.41	1.75	0.248
7/4/2002	185	13	1042	2	216	190.4	0.168	38.42	1.327	0.223
7/4/2002	185	14	1043	1	76.5	76	0.013	38.37	1.643	0.019
7/4/2002	185	14	1044	2	212	204.7	0.044	39.53	1.442	0.063
7/4/2002	185	15	1045	1	75.8	73.6	0.064	39.41	1.493	0.073
7/4/2002	185	15	1046	2	188.8	170.8	0.137	39.61	1.146	0.157
7/4/2002	185	16	1047	1	74.7	73.8	0.026	39.5	1.498	0.032
7/4/2002	185	16	1048	2	193.4	180.7	0.09	39.04	1.237	0.111
7/4/2002	185	17	1049	1	68	66.8	0.044	39.35	1.199	0.044
7/4/2002	185	17	1050	2	168.8	153.6	0.133	39.26	0.999	0.133
7/4/2002	185	18	1051	1	79.6	72	0.233	39.4	1.423	0.232
7/4/2002	185	18	1052	2	172.1	152.9	0.169	38.97	0.995	0.168
7/4/2002	185	19	1053	1	74.6	74.2	0.012	39.49	1.516	0.012
7/4/2002	185	19	1054	2	162.5	158.6	0.033	39.88	1.037	0.034
7/4/2002	185	20	1055	1	73.1	72.4	0.021	39.37	1.442	0.023
7/4/2002	185	20	1056	2	170.2	163.2	0.057	39.34	1.082	0.062
7/4/2002	185	21	1199	1	69.6	69.5	0.003	39.71	1.301	0.005
7/4/2002	185	21	1200	2	229.1	221	0.044	38.21	1.596	0.070
7/4/2002	185	22	1197	1	63.6	62.9	0.028	38.3	1.074	0.040
7/4/2002	185	22	1198	2	217.9	202.4	0.095	39.76	1.42	0.135
7/4/2002	185	23	1195	1	64.8	64.5	0.011	38.32	1.143	0.017
7/4/2002	185	23	1196	2	218.3	210.2	0.047	38.47	1.5	0.071
7/4/2002	185	24	1193	1	60.6	60.2	0.018	38.25	0.958	0.029
7/4/2002	185	24	1194	2	243.5	222	0.118	40.07	1.589	0.188
7/4/2002	185	25	1089	1	68.2	67	0.041	37.97	1.268	0.044
7/4/2002	185	25	1090	2	172.7	160.3	0.102	38.35	1.065	0.109
7/4/2002	185	26	1091	1	66.8	65.4	0.051	37.96	1.198	0.071
7/4/2002	185	26	1092	2	219.3	197.4	0.138	38.35	1.389	0.192
7/4/2002	185	27	1093	1	74.2	72.7	0.043	38.19	1.507	0.058
7/4/2002	185	27	1094	2	206.2	191.5	0.096	38.27	1.338	0.128
7/4/2002	185	28	1095	1	63.4	62.5	0.037	38.32	1.056	0.046
7/4/2002	185	28	1096	2	200.4	179.3	0.15	38.28	1.231	0.185
7/4/2002	185	29	1097	1	74.8	68.5	0.218	39.59	1.262	0.226
7/4/2002	185	29	1098	2	171.5	157.2	0.12	38.44	1.037	0.124
7/4/2002	185	30	1099	1	69.2	67.5	0.058	37.95	1.29	0.077
7/4/2002	185	30	1100	2	212.6	191.1	0.141	38.36	1.334	0.188
7/4/2002	185	31	1101	1	67.6	66.5	0.039	38.34	1.23	0.043
7/4/2002	185	31	1102	2	180.1	165.3	0.117	38.43	1.108	0.130
7/4/2002	185	32	1103	1	64.3	63.3	0.04	38.43	1.086	0.043
7/4/2002	185	32	1104	2	171.1	160.3	0.089	38.35	1.065	0.095
7/4/2002	185	33	1233	1	69.1	67.3	0.063	38.75	1.247	0.094
7/4/2002	185	33	1234	2	227.6	209.3	0.107	38.43	1.492	0.160
7/4/2002	185	34	1235	1	74.2	73	0.035	38.36	1.513	0.035
7/4/2002	185	34	1236	2	160.5	154.4	0.053	38.67	1.011	0.054
7/4/2002	185	35	1237	1	70.8	69.8	0.032	38.61	1.362	0.034
7/4/2002	185	35	1238	2	187.1	161.6	0.207	38.36	1.076	0.223
7/4/2002	185	36	1239	1	67.8	67.1	0.024	38.41	1.253	0.029
7/4/2002	185	36	1240	2	186.8	178.5	0.059	38.52	1.222	0.072
7/4/2002	185	38	1137	1	68.2	67.1	0.038	38.32	1.257	0.041
7/4/2002	185	38	1138	2	173	161.7	0.092	39.25	1.069	0.098
7/4/2002	185	39	1139	1	73	72.2	0.024	39.54	1.426	0.030
7/4/2002	185	39	1140	2	198.2	182.7	0.108	39.6	1.25	0.135
7/4/2002	185	40	1141	1	73.4	71.7	0.05	38.01	1.471	0.050
7/4/2002	185	40	1142	2	167	153.1	0.121	38.33	1.002	0.121
7/4/2002	185	41	1143	1	63.9	62.9	0.041	38.38	1.071	0.054
7/4/2002	185	41	1144	2	207.5	189.1	0.122	38.23	1.318	0.161
7/4/2002	185	42	1145	1	71.3	71	0.009	38.13	1.435	0.011
7/4/2002	185	42	1146	2	185.7	181	0.033	38.39	1.245	0.041
7/4/2002	185	43	1147	1	58.1	57.1	0.053	38.13	0.828	0.072
7/4/2002	185	43	1148	2	213.6	194.5	0.122	38.19	1.365	0.167
7/4/2002	185	44	1149	1	65.4	64.7	0.027	38.4	1.148	0.037
7/4/2002	185	44	1150	2	210.1	193.7	0.105	38.19	1.358	0.143
7/4/2002	185	45	1241	1	68.7	67.1	0.056	38.38	1.254	0.052
7/4/2002	185	45	1242	2	160.6	145.6	0.14	38.53	0.935	0.131
7/4/2002	185	46	1243	1	58.2	57.5	0.037	38.33	0.837	0.037
7/4/2002	185	46	1244	2	164.5	154.1	0.09	38.63	1.008	0.091
7/4/2002	185	47	1245	1	67.5	66.4	0.039	38.22	1.23	0.051
7/4/2002	185	47	1246	2	204.6	189.5	0.1	38.68	1.317	0.132
7/4/2002	185	48	1247	1	64	62.9	0.045	38.45	1.068	0.057
7/4/2002	185	48	1248	2	200.1	184	0.11	38.08	1.274	0.140
7/5/2002	186	1	977	1	62.2	60.8	0.063	38.42	0.977	0.072
7/5/2002	186	1	978	2	188.4	170.2	0.138	38.47	1.15	0.159
7/5/2002	186	2	979	1	75	67	0.28	38.39	1.249	0.333
7/5/2002	186	2	980	2	200.4	174.8	0.188	38.45	1.191	0.224
7/5/2002	186	3	981	1	42	41.3	0.236	38.33	0.13	0.201
7/5/2002	186	3	982	2	168.2	136	0.33	38.38	0.852	0.281
7/5/2002	186	4	983	1	70.3	65.2	0.191	38.52	1.165	0.272
7/5/2002	186	4	984	2	227.1	201.7	0.156	38.53	1.425	0.222
7/5/2002	186	5	985	1	69.7	67.7	0.069	38.72	1.265	0.082
7/5/2002	186	5	986	2	195.9	175.5	0.149	38.7	1.195	0.178
7/5/2002	186	6	987	1	72.4	68.8	0.118	38.37	1.329	0.119
7/5/2002	186	6	988	2	172.3	154	0.159	38.73	1.007	0.160
7/5/2002	186	7	989	1	69.6	67.4	0.076	38.44	1.265	0.085
7/5/2002	186	7	990	2	177.8	167.4	0.081	38.64	1.124	0.091
7/5/2002	186	8	991	1	67.7	62.8	0.2	38.36	1.067	0.273
7/5/2002	186	8	992	2	226.7	194.8	0.204	38.46	1.365	0.278
7/5/2002	186	9	1169	1	68	60.8	0.322	38.45	0.976	0.436
7/5/2002	186	9	1170	2	229.7	193.7	0.232	38.65	1.354	0.314
7/5/2002	186	10	1171	1	60.5	57.3	0.172	38.73	0.811	0.214
7/5/2002	186	10	1172	2	206.5	180.8	0.18	38.21	1.245	0.224
7/5/2002	186	11	1173	1	58.3	56.6	0.094	38.47	0.792	0.100
7/5/2002	186	11	1174	2	180.6	160.8	0.162	38.78	1.066	0.173
7/5/2002	186	12	1175	1	77.2	70.9	0.194	38.42	1.418	0.256
7/5/2002	186	12	1176	2	216.9	189.7	0.18	38.31	1.322	0.238
7/5/2002	186	13	1025	1	74.8	69.7	0.162	38.16	1.377	0.222
7/5/2002	186	13	1026	2	215.9	195.6	0.129	38.45	1.372	0.177
7/5/2002	186	14	1027	1	82.4	80.6	0.043	38.26	1.849	0.061
7/5/2002	186	14	1028	2	209.5	200	0.059	38.31	1.412	0.083
7/5/2002	186	15	1029	1	71	64.4	0.255	38.51	1.13	0.274
7/5/2002	186	15	1030	2	186	161.1	0.202	38.02	1.075	0.217
7/5/2002	186	16	1031	1	75.3	70.1	0.164	38.45	1.382	0.192
7/5/2002	186	16	1032	2	193.8	172.6	0.158	38.54	1.171	0.185
7/5/2002	186	17	1033	1	70.1	62.9	0.292	38.25	1.076	0.279
7/5/2002	186	17	1034	2	178.1	147.4	0.281	38.15	0.954	0.268
7/5/2002	186	18	1035	1	77.7	70.3	0.231	38.28	1.398	0.234
7/5/2002	186	18	1036	2	177.9	154.6	0.201	38.63	1.013	0.204
7/5/2002	186	19	1037	1	76.4	70.4	0.187	38.56	1.392	0.225
7/5/2002	186	19	1038	2	203.2	175.8	0.199	38.28	1.201	0.239
7/5/2002	186	20	1039	1	73.5	71.9	0.048	38.55	1.456	0.071
7/5/2002	186	20	1040	2	227.3	206.9	0.121	38.1	1.474	0.178
7/5/2002	186	21	1183	1	60.3	60.1	0.009	38.63	0.937	0.011
7/5/2002	186	21	1184	2	180.4	177.8	0.019	38.32	1.218	0.023
7/5/2002	186	22	1181	1	58	57.4	0.032	38.8	0.812	0.038
7/5/2002	186	22	1182	2	188	175.8	0.089	38.44	1.2	0.107
7/5/2002	186	23	1179	1	60.9	60.7	0.009	38.76	0.958	0.012
7/5/2002	186	23	1180	2	201.9	193.1	0.057	38.86	1.347	0.077
7/5/2002	186	24	1177	1	60.6	60	0.028	38.52	0.938	0.032
7/5/2002	186	24	1178	2	181.5	168.9	0.096	38.12	1.142	0.110
7/5/2002	186	25	1073	1	73.7	69	0.159	39.43	1.291	0.146
7/5/2002	186	25	1074	2	159.1	144.7	0.137	39.77	0.916	0.125
7/5/2002	186	26	1075	1	67.8	66.4	0.052	39.3	1.183	0.059
7/5/2002	186	26	1076	2	181.3	169.4	0.091	39.2	1.137	0.103
7/5/2002	186	27	1077	1	74.9	69.4	0.186	39.81	1.292	0.213
7/5/2002	186	27	1078	2	185.6	170.6	0.114	39.44	1.145	0.131
7/5/2002	186	28	1079	1	78.8	68.5	0.355	39.51	1.266	0.435
7/5/2002	186	28	1080	2	222.8	178.5	0.316	38.13	1.226	0.387
7/5/2002	186	29	1081	1	68.8	62.7	0.248	38.1	1.074	0.259
7/5/2002	186	29	1082	2	184.6	157.9	0.223	38.09	1.046	0.233
7/5/2002	186	30	1083	1	77.1	68.2	0.3	38.5	1.297	0.303
7/5/2002	186	30	1084	2	181.2	153.9	0.236	38.36	1.009	0.238
7/5/2002	186	31	1085	1	74.8	66.9	0.275	38.16	1.255	0.314
7/5/2002	186	31	1086	2	199.2	168.9	0.232	38.27	1.141	0.265
7/5/2002	186	32	1087	1	72.7	66.9	0.205	38.59	1.236	0.235
7/5/2002	186	32	1088	2	187.8	169.5	0.14	38.38	1.145	0.160
7/5/2002	186	33	1217	1	67.4	64.9	0.094	38.29	1.162	0.108
7/5/2002	186	33	1218	2	188.3	170.1	0.138	38.16	1.152	0.159
7/5/2002	186	34	1219	1	70.3	69.5	0.026	38.48	1.354	0.028
7/5/2002	186	34	1220	2	172.1	162.8	0.075	38.34	1.087	0.082
7/5/2002	186	35	1221	1	66	65.5	0.018	38.28	1.189	0.018
7/5/2002	186	35	1222	2	168.8	152.5	0.143	38.39	0.996	0.142
7/5/2002	186	36	1223	1	43.9	43.8	0.017	38.03	0.252	0.024
7/5/2002	186	36	1224	2	210.6	197.8	0.08	38.22	1.394	0.112
7/5/2002	186	38	1121	1	62.6	59.6	0.151	39.75	0.867	0.148
7/5/2002	186	38	1122	2	163.3	152	0.1	39.46	0.983	0.098
7/5/2002	186	39	1123	1	66.3	61.6	0.202	38.28	1.018	0.233
7/5/2002	186	39	1124	2	193.8	170.2	0.179	38.3	1.152	0.206
7/5/2002	186	40	1125	1	70.3	65	0.199	38.33	1.165	0.195
7/5/2002	186	40	1126	2	175.4	151.9	0.21	39.78	0.979	0.206
7/5/2002	186	41	1127	1	74.8	71.1	0.117	39.49	1.38	0.130
7/5/2002	186	41	1128	2	176.5	166.3	0.08	39.19	1.11	0.089
7/5/2002	186	42	1129	1	70.5	66.4	0.146	38.36	1.224	0.193
7/5/2002	186	42	1130	2	210.5	190.9	0.129	39.36	1.323	0.171
7/5/2002	186	43	1131	1	76.7	70.6	0.195	39.34	1.365	0.255
7/5/2002	186	43	1132	2	214.6	189.5	0.167	39.57	1.309	0.219
7/5/2002	186	44	1133	1	70	69.1	0.029	38.08	1.354	0.037
7/5/2002	186	44	1134	2	199.7	185.3	0.098	37.95	1.287	0.126
7/5/2002	186	45	1225	1	75.1	71.9	0.095	38.18	1.472	0.099
7/5/2002	186	45	1226	2	177	157.5	0.164	38.43	1.04	0.171
7/5/2002	186	46	1227	1	76	74.7	0.036	38.36	1.587	0.045
7/5/2002	186	46	1228	2	197.1	182.2	0.104	38.55	1.254	0.130
7/5/2002	186	47	1229	1	60	59.2	0.039	38.56	0.901	0.056
7/5/2002	186	47	1230	2	224.7	203.9	0.126	38.2	1.447	0.182
7/5/2002	186	48	1231	1	66.8	63.8	0.118	38.35	1.111	0.119
7/5/2002	186	48	1232	2	166.1	153.6	0.108	38.28	1.007	0.109
7/6/2002	187	1	961	1	64.9	63.8	0.044	38.69	1.096	0.043
7/6/2002	187	1	962	2	161	149.4	0.105	38.43	0.969	0.102
7/6/2002	187	2	963	1	68.4	62.9	0.227	38.62	1.06	0.239
7/6/2002	187	2	964	2	181.3	159.3	0.183	38.85	1.052	0.193
7/6/2002	187	3	965	1	48.2	46.5	0.219	38.75	0.338	0.188
7/6/2002	187	3	966	2	162	136.8	0.257	38.69	0.857	0.220
7/6/2002	187	4	967	1	59.8	58.2	0.08	38.13	0.876	0.080
7/6/2002	187	4	968	2	167.6	152.9	0.128	38.47	0.999	0.128
7/6/2002	187	5	969	1	72.3	70.6	0.053	38.57	1.399	0.062
7/6/2002	187	5	970	2	190.3	173.1	0.128	38.55	1.175	0.150
7/6/2002	187	6	971	1	68.5	65.6	0.108	38.63	1.178	0.116
7/6/2002	187	6	972	2	180.7	161.6	0.155	38.29	1.077	0.167
7/6/2002	187	7	973	1	70.5	68.7	0.059	38.35	1.325	0.075
7/6/2002	187	7	974	2	198.5	184	0.1	38.71	1.269	0.127
7/6/2002	187	8	975	1	69.1	63.7	0.217	38.79	1.088	0.291
7/6/2002	187	8	976	2	223.4	191.7	0.207	38.26	1.34	0.277
7/6/2002	187	9	1153	1	56.9	53.5	0.23	38.69	0.647	0.221
7/6/2002	187	9	1154	2	174.6	147.9	0.243	38.13	0.959	0.233
7/6/2002	187	10	1155	1	58.2	55.7	0.145	38.41	0.755	0.162
7/6/2002	187	10	1156	2	189.9	166.8	0.18	38.68	1.119	0.201
7/6/2002	187	11	1157	1	53.8	51.5	0.176	38.41	0.572	0.185
7/6/2002	187	11	1158	2	188	158.3	0.247	38.23	1.049	0.259
7/6/2002	187	12	1159	1	60.4	57.6	0.147	38.53	0.833	0.192
7/6/2002	187	12	1160	2	211.3	187.7	0.158	38.33	1.304	0.206
7/6/2002	187	13	1009	1	81.6	76.4	0.136	38.09	1.673	0.150
7/6/2002	187	13	1010	2	175.9	165.1	0.085	38.61	1.105	0.094
7/6/2002	187	14	1011	1	68.1	67.4	0.024	38.44	1.265	0.034
7/6/2002	187	14	1012	2	207.9	200.3	0.047	38.73	1.411	0.066
7/6/2002	187	15	1013	1	64.8	61.9	0.123	38.35	1.028	0.126
7/6/2002	187	15	1014	2	173.1	155.4	0.151	38.43	1.021	0.154
7/6/2002	187	16	1015	1	75.1	71.6	0.106	38.71	1.436	0.113
7/6/2002	187	16	1016	2	174.8	160.4	0.118	38.37	1.066	0.126
7/6/2002	187	17	1017	1	71.6	65.4	0.229	38.35	1.181	0.237
7/6/2002	187	17	1018	2	185.1	156.4	0.243	38.12	1.033	0.251
7/6/2002	187	18	1019	1	80.2	70.9	0.289	38.74	1.404	0.315
7/6/2002	187	18	1020	2	190.9	163.1	0.223	38.35	1.089	0.243
7/6/2002	187	19	1021	1	67	64.6	0.09	38.03	1.16	0.102
7/6/2002	187	19	1022	2	191.9	168.3	0.182	38.51	1.133	0.206
7/6/2002	187	20	1023	1	71.2	70.4	0.025	38.11	1.41	0.027
7/6/2002	187	20	1024	2	171.5	162.1	0.076	38.21	1.082	0.082
7/6/2002	187	21	1167	1	64.5	61.6	0.127	38.72	0.999	0.177
7/6/2002	187	21	1168	2	215	198.3	0.105	38.81	1.393	0.146
7/6/2002	187	22	1165	1	61.6	59.6	0.094	38.31	0.93	0.116
7/6/2002	187	22	1166	2	193.9	179.6	0.101	38.46	1.233	0.125
7/6/2002	187	23	1163	1	63.2	62	0.05	38.13	1.042	0.076
7/6/2002	187	23	1164	2	227.8	211.4	0.095	38.3	1.512	0.144
7/6/2002	187	24	1161	1	65.2	60.6	0.211	38.81	0.951	0.193
7/6/2002	187	24	1162	2	166.5	143.2	0.223	38.51	0.914	0.204
7/6/2002	187	25	1057	1	66.5	65.4	0.042	39.42	1.134	0.046
7/6/2002	187	25	1058	2	176.6	163.4	0.106	39.32	1.084	0.115
7/6/2002	187	26	1059	1	77.3	75.5	0.05	39.33	1.579	0.047
7/6/2002	187	26	1060	2	157.9	148.1	0.09	39.64	0.947	0.085
7/6/2002	187	27	1061	1	74.4	69.6	0.159	39.44	1.317	0.173
7/6/2002	187	27	1062	2	178.5	164	0.117	39.68	1.086	0.127
7/6/2002	187	28	1063	1	65.4	60.9	0.213	39.74	0.924	0.198
7/6/2002	187	28	1064	2	172	145.7	0.247	39.42	0.928	0.229
7/6/2002	187	29	1065	1	72.4	66.6	0.214	39.48	1.184	0.227
7/6/2002	187	29	1066	2	185.1	161.1	0.197	39.51	1.062	0.209
7/6/2002	187	30	1067	1	73.4	66.1	0.274	39.45	1.164	0.300
7/6/2002	187	30	1068	2	196.6	164.9	0.253	39.68	1.094	0.277
7/6/2002	187	31	1069	1	74.8	68.4	0.22	39.3	1.271	0.252
7/6/2002	187	31	1070	2	196	170.7	0.193	39.39	1.147	0.221
7/6/2002	187	32	1071	1	75.6	68.5	0.248	39.91	1.248	0.242
7/6/2002	187	32	1072	2	177.8	151.3	0.237	39.6	0.975	0.231
7/6/2002	187	33	1201	1	73.5	71.2	0.069	38.01	1.449	0.105
7/6/2002	187	33	1202	2	240.7	212.6	0.161	38.03	1.524	0.245
7/6/2002	187	34	1203	1	64.2	63.2	0.04	38.23	1.09	0.053
7/6/2002	187	34	1204	2	202.4	191.5	0.071	38.36	1.337	0.095
7/6/2002	187	35	1205	1	61.9	58.9	0.145	38.16	0.906	0.121
7/6/2002	187	35	1206	2	153.5	133.7	0.207	38.1	0.835	0.173
7/6/2002	187	36	1207	1	66.1	66	0.004	39.82	1.143	0.005
7/6/2002	187	36	1208	2	204.4	190	0.095	38.45	1.323	0.126
7/6/2002	187	38	1105	1	54.6	52.6	0.14	38.33	0.623	0.137
7/6/2002	187	38	1106	2	162.5	150.1	0.111	38.39	0.976	0.108
7/6/2002	187	39	1107	1	56.4	53.9	0.161	38.38	0.678	0.179
7/6/2002	187	39	1108	2	187.5	165.6	0.172	38.32	1.112	0.191
7/6/2002	187	40	1109	1	62.7	60.3	0.109	38.32	0.96	0.112
7/6/2002	187	40	1110	2	172.7	156.2	0.14	38.61	1.027	0.144
7/6/2002	187	41	1111	1	71.6	64.8	0.255	38.11	1.165	0.235
7/6/2002	187	41	1112	2	157.5	143.8	0.13	38.34	0.921	0.120
7/6/2002	187	42	1113	1	79.6	75.4	0.114	38.67	1.604	0.153
7/6/2002	187	42	1114	2	209.3	191.4	0.117	38.22	1.338	0.157
7/6/2002	187	43	1115	1	66	62.2	0.157	38.06	1.054	0.204
7/6/2002	187	43	1116	2	214.7	188.7	0.174	39.59	1.302	0.227
7/6/2002	187	44	1117	1	67.9	66.8	0.04	39.52	1.191	0.049
7/6/2002	187	44	1118	2	192.3	178.9	0.096	39.64	1.216	0.117
7/6/2002	187	45	1209	1	71.3	69.4	0.061	38.3	1.358	0.076
7/6/2002	187	45	1210	2	201.6	180.7	0.147	38.31	1.243	0.183
7/6/2002	187	46	1211	1	72.7	67.3	0.195	39.64	1.208	0.240
7/6/2002	187	46	1212	2	204.7	180.4	0.172	39.31	1.232	0.212
7/6/2002	187	47	1213	1	81.1	76.4	0.123	38.28	1.664	0.133
7/6/2002	187	47	1214	2	172	162.3	0.078	38.11	1.085	0.085
7/6/2002	187	48	1215	1	70.2	68.5	0.056	38.25	1.321	0.081
7/6/2002	187	48	1216	2	221.3	204.1	0.104	38.38	1.447	0.150
7/7/2002	188	1	993	1	70.3	67.1	0.111	38.18	1.263	0.098
7/7/2002	188	1	994	2	152	139.8	0.121	38.8	0.882	0.107
7/7/2002	188	2	995	1	69	63.1	0.241	38.64	1.068	0.236
7/7/2002	188	2	996	2	170.5	150.9	0.175	38.77	0.979	0.171
7/7/2002	188	3	997	1	77.9	69.1	0.288	38.55	1.334	0.285
7/7/2002	188	3	998	2	180.7	151.4	0.259	38.12	0.989	0.256
7/7/2002	188	4	999	1	67.6	61.7	0.255	38.56	1.01	0.224
7/7/2002	188	4	1000	2	162.9	139.1	0.237	38.64	0.877	0.208
7/7/2002	188	5	1001	1	64.3	59.5	0.231	38.72	0.907	0.194
7/7/2002	188	5	1002	2	148.7	134.3	0.15	38.22	0.839	0.126
7/7/2002	188	6	1003	1	66.6	59.9	0.311	38.37	0.94	0.325
7/7/2002	188	6	1004	2	195.2	158	0.311	38.45	1.044	0.325
7/7/2002	188	7	1005	1	70.9	66.8	0.145	38.44	1.238	0.167
7/7/2002	188	7	1006	2	188.9	170.7	0.138	38.57	1.154	0.159
7/7/2002	188	8	1007	1	62.5	57.6	0.257	38.52	0.833	0.253
7/7/2002	188	8	1008	2	180.8	151.4	0.261	38.69	0.984	0.257
7/7/2002	188	9	1185	1	64.3	58.7	0.282	38.85	0.867	0.304
7/7/2002	188	9	1186	2	195.4	162.1	0.27	38.67	1.078	0.291
7/7/2002	188	10	1187	1	59.1	54.9	0.257	38.53	0.715	0.289
7/7/2002	188	10	1188	2	201.3	168.6	0.254	39.8	1.125	0.286
7/7/2002	188	11	1189	1	64.1	58.7	0.269	38.63	0.876	0.275
7/7/2002	188	11	1190	2	185.4	155.4	0.256	38.31	1.023	0.262
7/7/2002	188	12	1191	1	76.9	72.6	0.126	38.34	1.496	0.176
7/7/2002	188	12	1192	2	224.4	198.3	0.163	38.39	1.396	0.228
7/7/2002	188	13	1041	1	78.7	72.4	0.185	38.41	1.484	0.215
7/7/2002	188	13	1042	2	196.5	171.7	0.186	38.42	1.164	0.217
7/7/2002	188	14	1043	1	70.9	68.5	0.08	38.37	1.316	0.099
7/7/2002	188	14	1044	2	190.9	181.3	0.068	39.53	1.238	0.084
7/7/2002	188	15	1045	1	72.1	63.2	0.374	39.41	1.039	0.347
7/7/2002	188	15	1046	2	186	145.9	0.377	39.61	0.928	0.350
7/7/2002	188	16	1047	1	82.9	74.6	0.236	39.5	1.533	0.302
7/7/2002	188	16	1048	2	215.9	185.6	0.207	39.04	1.28	0.265
7/7/2002	188	17	1049	1	70.2	62.9	0.31	39.35	1.028	0.325
7/7/2002	188	17	1050	2	195.6	159.1	0.305	39.26	1.047	0.319
7/7/2002	188	18	1051	1	84	74.9	0.256	39.4	1.55	0.327
7/7/2002	188	18	1052	2	220.3	185.4	0.238	38.97	1.279	0.304
7/7/2002	188	19	1053	1	81.9	73.4	0.251	39.49	1.481	0.290
7/7/2002	188	19	1054	2	204	172.2	0.24	39.88	1.156	0.277
7/7/2002	188	20	1055	1	80.8	74	0.196	39.37	1.512	0.259
7/7/2002	188	20	1056	2	222.3	190.8	0.208	39.34	1.323	0.275
7/7/2002	188	21	1199	1	70	67.1	0.106	39.71	1.196	0.164
7/7/2002	188	21	1200	2	238.1	215	0.131	38.21	1.544	0.202
7/7/2002	188	22	1197	1	62.4	59.1	0.159	38.3	0.908	0.154
7/7/2002	188	22	1198	2	162.6	150.6	0.108	39.76	0.968	0.105
7/7/2002	188	23	1195	1	55.2	54.3	0.056	38.32	0.698	0.068
7/7/2002	188	23	1196	2	188.9	177.5	0.082	38.47	1.214	0.100
7/7/2002	188	24	1193	1	56.9	55.1	0.107	38.25	0.736	0.119
7/7/2002	188	24	1194	2	193.9	167.1	0.211	40.07	1.109	0.234
7/7/2002	188	25	1089	1	81.3	69.9	0.357	37.97	1.394	0.345
7/7/2002	188	25	1090	2	185.4	149	0.329	38.35	0.966	0.318
7/7/2002	188	26	1091	1	67.7	65.7	0.072	37.96	1.211	0.098
7/7/2002	188	26	1092	2	215	193.5	0.139	38.35	1.355	0.188
7/7/2002	188	27	1093	1	82.2	74.8	0.202	38.19	1.599	0.191
7/7/2002	188	27	1094	2	167.3	146.5	0.192	38.27	0.945	0.181
7/7/2002	188	28	1095	1	71.3	62.8	0.347	38.32	1.069	0.393
7/7/2002	188	28	1096	2	208.2	167.9	0.311	38.28	1.132	0.352
7/7/2002	188	29	1097	1	76.4	68.7	0.265	39.59	1.271	0.258
7/7/2002	188	29	1098	2	178	149.8	0.253	38.44	0.972	0.246
7/7/2002	188	30	1099	1	67.4	60.6	0.3	37.95	0.989	0.282
7/7/2002	188	30	1100	2	177.5	146	0.293	38.36	0.94	0.275
7/7/2002	188	31	1101	1	62.2	56	0.351	38.34	0.771	0.368
7/7/2002	188	31	1102	2	193.1	158.5	0.288	38.43	1.049	0.302
7/7/2002	188	32	1103	1	57.5	51.9	0.416	38.43	0.588	0.465
7/7/2002	188	32	1104	2	212.3	166.3	0.36	38.35	1.117	0.402
7/7/2002	188	33	1233	1	70	62.3	0.327	38.75	1.028	0.281
7/7/2002	188	33	1234	2	167.2	136.7	0.31	38.43	0.858	0.266
7/7/2002	188	34	1235	1	80.5	69.7	0.345	38.36	1.368	0.411
7/7/2002	188	34	1236	2	211	174.9	0.265	38.67	1.19	0.315
7/7/2002	188	35	1237	1	74.4	62.8	0.48	38.61	1.056	0.529
7/7/2002	188	35	1238	2	220.1	164.6	0.44	38.36	1.102	0.485
7/7/2002	188	36	1239	1	78.5	69.3	0.298	38.41	1.349	0.409
7/7/2002	188	36	1240	2	227	195.7	0.199	38.52	1.373	0.273
7/7/2002	188	38	1137	1	62.7	61.1	0.07	38.32	0.995	0.065
7/7/2002	188	38	1138	2	156.9	146.2	0.1	39.25	0.934	0.093
7/7/2002	188	39	1139	1	79.1	70.9	0.261	39.54	1.369	0.281
7/7/2002	188	39	1140	2	191.3	163.1	0.228	39.6	1.078	0.246
7/7/2002	188	40	1141	1	70.7	63.5	0.282	38.01	1.113	0.286
7/7/2002	188	40	1142	2	184.8	154.6	0.26	38.33	1.015	0.264
7/7/2002	188	41	1143	1	67.7	61.4	0.274	38.38	1.005	0.290
7/7/2002	188	41	1144	2	191.3	159.4	0.263	38.23	1.058	0.278
7/7/2002	188	42	1145	1	86	78.9	0.174	38.13	1.78	0.261
7/7/2002	188	42	1146	2	236.6	209.9	0.156	38.39	1.498	0.234
7/7/2002	188	43	1147	1	62.1	56.7	0.291	38.13	0.811	0.339
7/7/2002	188	43	1148	2	207.3	171.6	0.268	38.19	1.165	0.312
7/7/2002	188	44	1149	1	63.4	57.3	0.323	38.4	0.825	0.358
7/7/2002	188	44	1150	2	200.9	165.1	0.282	38.19	1.108	0.312
7/7/2002	188	45	1241	1	68.9	61.9	0.298	38.38	1.027	0.294
7/7/2002	188	45	1242	2	176.6	151.6	0.221	38.53	0.987	0.218
7/7/2002	188	46	1243	1	82.6	73.4	0.262	38.33	1.531	0.369
7/7/2002	188	46	1244	2	236.5	200	0.226	38.63	1.409	0.318
7/7/2002	188	47	1245	1	94.4	81.3	0.304	38.22	1.881	0.441
7/7/2002	188	47	1246	2	239.2	204.7	0.208	38.68	1.45	0.302
7/7/2002	188	48	1247	1	83.3	73.5	0.28	38.45	1.53	0.374
7/7/2002	188	48	1248	2	230.5	191.1	0.257	38.08	1.336	0.343
7/8/2002	189	1	977	1	69.7	67.8	0.065	38.42	1.283	0.053
7/8/2002	189	1	978	2	143.9	131.4	0.135	38.47	0.812	0.110
7/8/2002	189	2	979	1	71.6	64.9	0.253	38.39	1.158	0.254
7/8/2002	189	2	980	2	177.4	153.3	0.21	38.45	1.003	0.211
7/8/2002	189	3	981	1	64.3	58.7	0.275	38.33	0.889	0.303
7/8/2002	189	3	982	2	197.4	164.7	0.259	38.38	1.103	0.286
7/8/2002	189	4	983	1	67.4	62.1	0.225	38.52	1.03	0.222
7/8/2002	189	4	984	2	175.8	151.7	0.213	38.53	0.988	0.210
7/8/2002	189	5	985	1	70.3	66	0.158	38.72	1.191	0.155
7/8/2002	189	5	986	2	167.8	150.7	0.153	38.7	0.978	0.150
7/8/2002	189	6	987	1	62.8	58.6	0.208	38.37	0.883	0.194
7/8/2002	189	6	988	2	171.4	145.4	0.244	38.73	0.932	0.227
7/8/2002	189	7	989	1	63	60.6	0.108	38.44	0.968	0.133
7/8/2002	189	7	990	2	201.9	179.8	0.157	38.64	1.233	0.194
7/8/2002	189	8	991	1	58.2	54.2	0.253	38.36	0.692	0.324
7/8/2002	189	8	992	2	219.8	185	0.237	38.46	1.28	0.303
7/8/2002	189	9	1169	1	60.5	56.1	0.249	38.45	0.771	0.229
7/8/2002	189	9	1170	2	170.3	144	0.25	38.65	0.92	0.230
7/8/2002	189	10	1171	1	72.3	66.6	0.205	38.73	1.217	0.223
7/8/2002	189	10	1172	2	189.3	162.8	0.213	38.21	1.088	0.232
7/8/2002	189	11	1173	1	59.2	55.6	0.21	38.47	0.748	0.206
7/8/2002	189	11	1174	2	179.9	151.4	0.253	38.78	0.983	0.249
7/8/2002	189	12	1175	1	55	54	0.064	38.42	0.68	0.078
7/8/2002	189	12	1176	2	199	178	0.15	38.31	1.22	0.183
7/8/2002	189	13	1025	1	82.6	76.1	0.171	38.16	1.657	0.238
7/8/2002	189	13	1026	2	222.5	197.5	0.157	38.45	1.389	0.218
7/8/2002	189	14	1027	1	74.8	73.1	0.049	38.26	1.521	0.060
7/8/2002	189	14	1028	2	188.2	179.4	0.062	38.31	1.232	0.076
7/8/2002	189	15	1029	1	71.1	62.6	0.353	38.51	1.052	0.385
7/8/2002	189	15	1030	2	204.8	163.1	0.333	38.02	1.092	0.364
7/8/2002	189	16	1031	1	86.3	78.2	0.204	38.45	1.736	0.268
7/8/2002	189	16	1032	2	219.6	189.1	0.203	38.54	1.315	0.267
7/8/2002	189	17	1033	1	63.8	57.4	0.334	38.25	0.836	0.316
7/8/2002	189	17	1034	2	180	146.4	0.31	38.15	0.945	0.293
7/8/2002	189	18	1035	1	81.1	71.8	0.277	38.28	1.464	0.341
7/8/2002	189	18	1036	2	212.7	179.6	0.235	38.63	1.231	0.289
7/8/2002	189	19	1037	1	73.7	68.1	0.19	38.56	1.29	0.213
7/8/2002	189	19	1038	2	192.5	166.4	0.204	38.28	1.119	0.228
7/8/2002	189	20	1039	1	70.5	67.7	0.096	38.55	1.273	0.107
7/8/2002	189	20	1040	2	190.3	166.1	0.189	38.1	1.118	0.211
7/8/2002	189	21	1183	1	63.2	62.1	0.047	38.63	1.025	0.066
7/8/2002	189	21	1184	2	214	199.1	0.093	38.32	1.404	0.131
7/8/2002	189	22	1181	1	63.8	62.3	0.064	38.8	1.026	0.098
7/8/2002	189	22	1182	2	233.2	213	0.116	38.44	1.524	0.177
7/8/2002	189	23	1179	1	71.1	70	0.035	38.76	1.364	0.046
7/8/2002	189	23	1180	2	205.2	190.3	0.098	38.86	1.322	0.130
7/8/2002	189	24	1177	1	60.3	59.5	0.038	38.52	0.916	0.051
7/8/2002	189	24	1178	2	220.9	192.2	0.186	38.12	1.346	0.250
7/8/2002	189	25	1073	1	62.3	56.7	0.324	39.43	0.754	0.263
7/8/2002	189	25	1074	2	161.4	132.9	0.306	39.77	0.813	0.249
7/8/2002	189	26	1075	1	76.7	73.8	0.084	39.3	1.506	0.127
7/8/2002	189	26	1076	2	238.8	212.6	0.151	39.2	1.514	0.229
7/8/2002	189	27	1077	1	63.7	59.7	0.201	39.81	0.868	0.184
7/8/2002	189	27	1078	2	161.1	144.3	0.16	39.44	0.916	0.147
7/8/2002	189	28	1079	1	68	62.6	0.234	39.51	1.008	0.247
7/8/2002	189	28	1080	2	191.4	159.1	0.267	38.13	1.056	0.282
7/8/2002	189	29	1081	1	67.1	61.8	0.224	38.1	1.035	0.250
7/8/2002	189	29	1082	2	192.6	166	0.208	38.09	1.117	0.232
7/8/2002	189	30	1083	1	79.5	70.9	0.265	38.5	1.415	0.301
7/8/2002	189	30	1084	2	203.7	168.5	0.27	38.36	1.136	0.307
7/8/2002	189	31	1085	1	74.5	64.9	0.359	38.16	1.168	0.345
7/8/2002	189	31	1086	2	180.4	148.4	0.291	38.27	0.962	0.280
7/8/2002	189	32	1087	1	70.5	62.9	0.313	38.59	1.061	0.300
7/8/2002	189	32	1088	2	179.7	148.1	0.288	38.38	0.958	0.276
7/8/2002	189	33	1217	1	57	52.8	0.289	38.29	0.634	0.325
7/8/2002	189	33	1218	2	201.9	166.9	0.272	38.16	1.124	0.306
7/8/2002	189	34	1219	1	69.3	63.1	0.252	38.48	1.075	0.297
7/8/2002	189	34	1220	2	205.6	173.3	0.239	38.34	1.179	0.282
7/8/2002	189	35	1221	1	75.8	65.3	0.389	38.28	1.18	0.470
7/8/2002	189	35	1222	2	222.8	176.8	0.332	38.39	1.209	0.401
7/8/2002	189	36	1223	1	72.1	66.6	0.193	38.03	1.247	0.236
7/8/2002	189	36	1224	2	203.4	178.3	0.179	38.22	1.223	0.219
7/8/2002	189	38	1121	1	65.5	64.1	0.057	39.75	1.063	0.062
7/8/2002	189	38	1122	2	176.7	164.3	0.099	39.46	1.09	0.108
7/8/2002	189	39	1123	1	65.6	60.9	0.208	38.28	0.988	0.227
7/8/2002	189	39	1124	2	187.5	163	0.196	38.3	1.089	0.213
7/8/2002	189	40	1125	1	70.5	64.5	0.229	38.33	1.143	0.260
7/8/2002	189	40	1126	2	199.8	169.6	0.233	39.78	1.134	0.264
7/8/2002	189	41	1127	1	68.5	62.8	0.245	39.49	1.018	0.255
7/8/2002	189	41	1128	2	185.2	158.2	0.227	39.19	1.039	0.236
7/8/2002	189	42	1129	1	75.6	70.8	0.148	38.36	1.416	0.188
7/8/2002	189	42	1130	2	205.3	184.7	0.142	39.36	1.269	0.180
7/8/2002	189	43	1131	1	60.5	56.5	0.233	39.34	0.749	0.269
7/8/2002	189	43	1132	2	203.8	172	0.24	39.57	1.156	0.277
7/8/2002	189	44	1133	1	68.4	61.7	0.284	38.08	1.031	0.301
7/8/2002	189	44	1134	2	192.6	159.2	0.275	37.95	1.059	0.291
7/8/2002	189	45	1225	1	65.2	60.5	0.211	38.18	0.975	0.180
7/8/2002	189	45	1226	2	153.6	136	0.18	38.43	0.852	0.153
7/8/2002	189	46	1227	1	88.2	78.7	0.235	38.36	1.761	0.276
7/8/2002	189	46	1228	2	202.9	173	0.222	38.55	1.174	0.261
7/8/2002	189	47	1229	1	75.1	69.1	0.196	38.56	1.333	0.289
7/8/2002	189	47	1230	2	237.7	206.9	0.183	38.2	1.473	0.270
7/8/2002	189	48	1231	1	78.3	69.7	0.274	38.35	1.369	0.334
7/8/2002	189	48	1232	2	211.4	177.8	0.241	38.28	1.218	0.294
7/9/2002	190	1	961	1	68.7	66.4	0.083	38.69	1.21	0.103
7/9/2002	190	1	962	2	204.6	181	0.166	38.43	1.245	0.207
7/9/2002	190	2	963	1	72.3	66.1	0.226	38.62	1.2	0.258
7/9/2002	190	2	964	2	196.2	169.4	0.205	38.85	1.14	0.234
7/9/2002	190	3	965	1	70.4	66.4	0.145	38.75	1.207	0.139
7/9/2002	190	3	966	2	173.9	148.6	0.23	38.69	0.96	0.221
7/9/2002	190	4	967	1	69	64.3	0.18	38.13	1.143	0.185
7/9/2002	190	4	968	2	180.9	155.8	0.214	38.47	1.025	0.219
7/9/2002	190	5	969	1	73.2	69.5	0.12	38.57	1.351	0.134
7/9/2002	190	5	970	2	189.2	166.4	0.178	38.55	1.116	0.199
7/9/2002	190	6	971	1	52.4	51.3	0.087	38.63	0.553	0.104
7/9/2002	190	6	972	2	205.1	175.4	0.217	38.29	1.197	0.260
7/9/2002	190	7	973	1	71	68.7	0.076	38.35	1.325	0.100
7/9/2002	190	7	974	2	209.9	189.5	0.135	38.71	1.317	0.178
7/9/2002	190	8	975	1	70.4	68.9	0.05	38.79	1.315	0.054
7/9/2002	190	8	976	2	186.4	161.7	0.2	38.26	1.078	0.216
7/9/2002	190	9	1153	1	59.5	56.1	0.195	38.69	0.76	0.227
7/9/2002	190	9	1154	2	201.9	171.4	0.229	38.13	1.164	0.267
7/9/2002	190	10	1155	1	56.6	54.3	0.145	38.41	0.694	0.155
7/9/2002	190	10	1156	2	184.7	161	0.194	38.68	1.068	0.207
7/9/2002	190	11	1157	1	54.2	53.4	0.053	38.41	0.655	0.063
7/9/2002	190	11	1158	2	203.9	173.7	0.223	38.23	1.183	0.264
7/9/2002	190	12	1159	1	50.7	50.2	0.043	38.53	0.51	0.051
7/9/2002	190	12	1160	2	192.9	174.7	0.133	38.33	1.191	0.158
7/9/2002	190	13	1009	1	95.4	86.4	0.186	38.09	2.109	0.265
7/9/2002	190	13	1010	2	224.9	201.9	0.141	38.61	1.426	0.201
7/9/2002	190	14	1011	1	67.3	66.7	0.021	38.44	1.234	0.023
7/9/2002	190	14	1012	2	174.6	165.6	0.071	38.73	1.108	0.079
7/9/2002	190	15	1013	1	62.9	60.1	0.129	38.35	0.95	0.110
7/9/2002	190	15	1014	2	166.6	136	0.314	38.43	0.852	0.268
7/9/2002	190	16	1015	1	69.1	65.4	0.139	38.71	1.165	0.159
7/9/2002	190	16	1016	2	194	169.2	0.19	38.37	1.143	0.217
7/9/2002	190	17	1017	1	64.9	59.1	0.28	38.35	0.906	0.276
7/9/2002	190	17	1018	2	184.3	151	0.295	38.12	0.986	0.291
7/9/2002	190	18	1019	1	79.8	72.5	0.216	38.74	1.474	0.295
7/9/2002	190	18	1020	2	229.4	194.6	0.223	38.35	1.364	0.304
7/9/2002	190	19	1021	1	75.2	69.9	0.166	38.03	1.392	0.241
7/9/2002	190	19	1022	2	235.1	204.6	0.184	38.51	1.45	0.267
7/9/2002	190	20	1023	1	69.5	67.4	0.072	38.11	1.279	0.069
7/9/2002	190	20	1024	2	168.2	148	0.184	38.21	0.959	0.176
7/9/2002	190	21	1167	1	62.9	62.2	0.03	38.72	1.025	0.043
7/9/2002	190	21	1168	2	217.6	202.1	0.095	38.81	1.426	0.135
7/9/2002	190	22	1165	1	64.6	63.5	0.044	38.31	1.1	0.054
7/9/2002	190	22	1166	2	190.5	177.7	0.092	38.46	1.216	0.112
7/9/2002	190	23	1163	1	68.6	67.9	0.024	38.13	1.3	0.032
7/9/2002	190	23	1164	2	206.6	191.6	0.098	38.3	1.339	0.131
7/9/2002	190	24	1161	1	55.3	55	0.019	38.81	0.707	0.023
7/9/2002	190	24	1162	2	202	178.8	0.165	38.51	1.225	0.202
7/9/2002	190	25	1057	1	72.7	68.1	0.16	39.42	1.252	0.200
7/9/2002	190	25	1058	2	219	182.6	0.254	39.32	1.251	0.318
7/9/2002	190	26	1059	1	70.6	68.6	0.068	39.33	1.278	0.075
7/9/2002	190	26	1060	2	181.5	165.8	0.124	39.64	1.102	0.137
7/9/2002	190	27	1061	1	74.7	70.4	0.139	39.44	1.352	0.144
7/9/2002	190	27	1062	2	177.2	158.4	0.158	39.68	1.037	0.164
7/9/2002	190	28	1063	1	69	66.3	0.102	39.74	1.16	0.102
7/9/2002	190	28	1064	2	180.7	153.9	0.234	39.42	1	0.234
7/9/2002	190	29	1065	1	75.5	69.6	0.196	39.48	1.315	0.216
7/9/2002	190	29	1066	2	190.1	165.9	0.191	39.51	1.104	0.211
7/9/2002	190	30	1067	1	75	68	0.245	39.45	1.247	0.296
7/9/2002	190	30	1068	2	213.6	178	0.257	39.68	1.208	0.310
7/9/2002	190	31	1069	1	68.2	62.1	0.268	39.3	0.996	0.290
7/9/2002	190	31	1070	2	196.4	163.2	0.268	39.39	1.081	0.290
7/9/2002	190	32	1071	1	72.6	65.8	0.263	39.91	1.13	0.253
7/9/2002	190	32	1072	2	177.6	149.7	0.253	39.6	0.961	0.243
7/9/2002	190	33	1201	1	61.4	56	0.3	38.01	0.786	0.329
7/9/2002	190	33	1202	2	197.7	163.8	0.27	38.03	1.098	0.296
7/9/2002	190	34	1203	1	86.1	75.7	0.278	38.23	1.636	0.404
7/9/2002	190	34	1204	2	243.2	205	0.229	38.36	1.455	0.333
7/9/2002	190	35	1205	1	66.4	59.4	0.33	38.16	0.927	0.343
7/9/2002	190	35	1206	2	194.2	157.2	0.311	38.1	1.04	0.323
7/9/2002	190	36	1207	1	68.1	62.9	0.225	39.82	1.008	0.317
7/9/2002	190	36	1208	2	227.6	200	0.171	38.45	1.411	0.241
7/9/2002	190	38	1105	1	63.8	61.7	0.09	38.33	1.02	0.095
7/9/2002	190	38	1106	2	175.8	159.6	0.134	38.39	1.059	0.142
7/9/2002	190	39	1107	1	64.6	61.1	0.154	38.38	0.992	0.160
7/9/2002	190	39	1108	2	178.8	156.9	0.185	38.32	1.036	0.192
7/9/2002	190	40	1109	1	63.5	59.4	0.194	38.32	0.92	0.200
7/9/2002	190	40	1110	2	181.9	156.6	0.214	38.61	1.03	0.220
7/9/2002	190	41	1111	1	68.1	63	0.205	38.11	1.087	0.265
7/9/2002	190	41	1112	2	216.8	186.4	0.205	38.34	1.293	0.265
7/9/2002	190	42	1113	1	73.8	70.5	0.104	38.67	1.39	0.144
7/9/2002	190	42	1114	2	214.5	197.1	0.11	38.22	1.387	0.153
7/9/2002	190	43	1115	1	66.9	61.9	0.21	38.06	1.041	0.240
7/9/2002	190	43	1116	2	200.8	170.6	0.231	39.59	1.144	0.264
7/9/2002	190	44	1117	1	62	57.5	0.25	39.52	0.785	0.249
7/9/2002	190	44	1118	2	181.7	153.7	0.245	39.64	0.996	0.244
7/9/2002	190	45	1209	1	58.9	56.4	0.138	38.3	0.79	0.129
7/9/2002	190	45	1210	2	164.6	145.3	0.18	38.31	0.934	0.168
7/9/2002	190	46	1211	1	79.1	72.6	0.197	39.64	1.439	0.310
7/9/2002	190	46	1212	2	254.4	219.7	0.192	39.31	1.575	0.302
7/9/2002	190	47	1213	1	77.3	70.9	0.196	38.28	1.424	0.275
7/9/2002	190	47	1214	2	223.9	199	0.155	38.11	1.405	0.218
7/9/2002	190	48	1215	1	88.9	78.7	0.252	38.25	1.766	0.271
7/9/2002	190	48	1216	2	194	161.7	0.262	38.38	1.077	0.282
7/10/2002	191	1	993	1	63.3	55.9	0.418	38.18	0.774	0.369
7/10/2002	191	1	994	2	172.2	139.8	0.321	38.8	0.882	0.283
7/10/2002	191	2	995	1	63.1	56.1	0.401	38.64	0.762	0.364
7/10/2002	191	2	996	2	178.3	142.8	0.341	38.77	0.908	0.310
7/10/2002	191	3	997	1	70.2	62.1	0.344	38.55	1.028	0.304
7/10/2002	191	3	998	2	197.5	139.4	0.574	38.12	0.884	0.507
7/10/2002	191	4	999	1	66.2	59.5	0.32	38.56	0.914	0.307
7/10/2002	191	4	1000	2	179.7	148.6	0.283	38.64	0.96	0.272
7/10/2002	191	5	1001	1	64.4	57.4	0.375	38.72	0.816	0.311
7/10/2002	191	5	1002	2	163.4	133.1	0.319	38.22	0.829	0.264
7/10/2002	191	6	1003	1	69.9	61.5	0.363	38.37	1.01	0.336
7/10/2002	191	6	1004	2	177.3	144.4	0.311	38.45	0.925	0.288
7/10/2002	191	7	1005	1	69.1	62.8	0.259	38.44	1.064	0.265
7/10/2002	191	7	1006	2	177.2	155.6	0.185	38.57	1.022	0.189
7/10/2002	191	8	1007	1	70.5	62.9	0.312	38.52	1.065	0.379
7/10/2002	191	8	1008	2	214.1	177.8	0.261	38.69	1.215	0.317
7/10/2002	191	9	1185	1	59.2	53.7	0.37	38.85	0.648	0.431
7/10/2002	191	9	1186	2	212	172	0.3	38.67	1.164	0.349
7/10/2002	191	10	1187	1	65.7	58.9	0.334	38.53	0.889	0.376
7/10/2002	191	10	1188	2	208.9	168.8	0.311	39.8	1.127	0.350
7/10/2002	191	11	1189	1	69.1	59.1	0.489	38.63	0.894	0.530
7/10/2002	191	11	1190	2	204.6	162.3	0.341	38.31	1.083	0.369
7/10/2002	191	12	1191	1	75.9	68	0.266	38.34	1.295	0.322
7/10/2002	191	12	1192	2	210.8	177.2	0.242	38.39	1.212	0.293
7/10/2002	191	13	1041	1	81.3	73.8	0.212	38.41	1.545	0.280
7/10/2002	191	13	1042	2	220.4	189.9	0.201	38.42	1.323	0.266
7/10/2002	191	14	1043	1	88	79	0.222	38.37	1.774	0.320
7/10/2002	191	14	1044	2	237.7	204.4	0.202	39.53	1.44	0.291
7/10/2002	191	15	1045	1	76.4	65.3	0.429	39.41	1.13	0.527
7/10/2002	191	15	1046	2	229.7	180.4	0.35	39.61	1.229	0.430
7/10/2002	191	16	1047	1	63	57.2	0.328	39.5	0.773	0.256
7/10/2002	191	16	1048	2	154.3	128.5	0.288	39.04	0.781	0.225
7/10/2002	191	17	1049	1	81.4	71.2	0.32	39.35	1.391	0.270
7/10/2002	191	17	1050	2	166	136	0.31	39.26	0.845	0.262
7/10/2002	191	18	1051	1	65.8	59.3	0.327	39.4	0.869	0.431
7/10/2002	191	18	1052	2	234	189.8	0.293	38.97	1.317	0.386
7/10/2002	191	19	1053	1	84.3	74.1	0.295	39.49	1.511	0.409
7/10/2002	191	19	1054	2	234.6	198.6	0.227	39.88	1.386	0.315
7/10/2002	191	20	1055	1	72.6	65.2	0.286	39.37	1.128	0.245
7/10/2002	191	20	1056	2	162	137.5	0.25	39.34	0.857	0.214
7/10/2002	191	21	1199	1	69.5	61.9	0.342	39.71	0.969	0.306
7/10/2002	191	21	1200	2	172.6	140.8	0.31	38.21	0.896	0.278
7/10/2002	191	22	1197	1	68.1	60.3	0.355	38.3	0.961	0.360
7/10/2002	191	22	1198	2	192.8	156	0.317	39.76	1.015	0.322
7/10/2002	191	23	1195	1	63.2	58.1	0.258	38.32	0.864	0.318
7/10/2002	191	23	1196	2	216.5	179.6	0.261	38.47	1.232	0.322
7/10/2002	191	24	1193	1	61.5	56.2	0.295	38.25	0.784	0.309
7/10/2002	191	24	1194	2	191.7	159.9	0.265	40.07	1.046	0.277
7/10/2002	191	25	1089	1	62	55	0.411	37.97	0.744	0.332
7/10/2002	191	25	1090	2	166.3	131	0.381	38.35	0.809	0.308
7/10/2002	191	26	1091	1	70	62.7	0.295	37.96	1.08	0.305
7/10/2002	191	26	1092	2	191.7	156.8	0.295	38.35	1.034	0.305
7/10/2002	191	27	1093	1	79.4	69.7	0.308	38.19	1.376	0.360
7/10/2002	191	27	1094	2	208.6	172.3	0.271	38.27	1.17	0.317
7/10/2002	191	28	1095	1	71.9	63.4	0.339	38.32	1.095	0.379
7/10/2002	191	28	1096	2	211.1	166.4	0.349	38.28	1.119	0.391
7/10/2002	191	29	1097	1	78.9	70.3	0.28	39.59	1.341	0.306
7/10/2002	191	29	1098	2	198	163.6	0.275	38.44	1.093	0.301
7/10/2002	191	30	1099	1	70.4	61.9	0.355	37.95	1.046	0.309
7/10/2002	191	30	1100	2	171.7	138.1	0.337	38.36	0.871	0.294
7/10/2002	191	31	1101	1	71	61.7	0.398	38.34	1.02	0.439
7/10/2002	191	31	1102	2	203.9	164.9	0.308	38.43	1.104	0.340
7/10/2002	191	32	1103	1	80.3	69.7	0.339	38.43	1.365	0.390
7/10/2002	191	32	1104	2	214.4	170.2	0.335	38.35	1.151	0.386
7/10/2002	191	33	1233	1	88.8	74.9	0.385	38.75	1.578	0.364
7/10/2002	191	33	1234	2	182.9	146.7	0.334	38.43	0.945	0.316
7/10/2002	191	34	1235	1	79.3	69.5	0.315	38.36	1.36	0.405
7/10/2002	191	34	1236	2	223.7	185.8	0.258	38.67	1.285	0.332
7/10/2002	191	35	1237	1	-999	-999	-999	-999	-999	-999
7/10/2002	191	35	1238	2	-999	-999	-999	-999	-999	-999
7/10/2002	191	36	1239	1	72	64.4	0.292	38.41	1.135	0.374
7/10/2002	191	36	1240	2	217.3	185.1	0.22	38.52	1.28	0.282
7/10/2002	191	38	1137	1	70.3	64.3	0.231	38.32	1.134	0.224
7/10/2002	191	38	1138	2	166.1	150.3	0.142	39.25	0.97	0.138
7/10/2002	191	39	1139	1	74.3	66.5	0.289	39.54	1.177	0.295
7/10/2002	191	39	1140	2	189.2	156.5	0.28	39.6	1.021	0.286
7/10/2002	191	40	1141	1	63.9	57.7	0.315	38.01	0.86	0.306
7/10/2002	191	40	1142	2	185.6	149.8	0.321	38.33	0.973	0.312
7/10/2002	191	41	1143	1	66.2	59.3	0.33	38.38	0.913	0.346
7/10/2002	191	41	1144	2	191.8	158.3	0.279	38.23	1.049	0.293
7/10/2002	191	42	1145	1	76.3	70.1	0.194	38.13	1.396	0.267
7/10/2002	191	42	1146	2	221.5	196	0.162	38.39	1.376	0.223
7/10/2002	191	43	1147	1	77.2	67	0.353	38.13	1.261	0.482
7/10/2002	191	43	1148	2	234.4	194.5	0.255	38.19	1.365	0.348
7/10/2002	191	44	1149	1	75.8	65.9	0.36	38.4	1.201	0.321
7/10/2002	191	44	1150	2	173.6	140.3	0.326	38.19	0.892	0.291
7/10/2002	191	45	1241	1	81.4	68.5	0.428	38.38	1.315	0.343
7/10/2002	191	45	1242	2	164.9	130.4	0.376	38.53	0.802	0.302
7/10/2002	191	46	1243	1	82.1	72.5	0.281	38.33	1.492	0.357
7/10/2002	191	46	1244	2	223.3	184.3	0.268	38.63	1.272	0.341
7/10/2002	191	47	1245	1	80.9	71.5	0.282	38.22	1.453	0.371
7/10/2002	191	47	1246	2	223.3	189.1	0.227	38.68	1.314	0.298
7/10/2002	191	48	1247	1	69.8	61	0.39	38.45	0.985	0.420
7/10/2002	191	48	1248	2	201.4	161.3	0.325	38.08	1.076	0.350
7/11/2002	192	1	977	1	64.9	58.3	0.332	38.42	0.868	0.275
7/11/2002	192	1	978	2	157.2	133.2	0.253	38.47	0.827	0.209
7/11/2002	192	2	979	1	50	47	0.348	38.39	0.376	0.282
7/11/2002	192	2	980	2	160.3	131.2	0.314	38.45	0.81	0.254
7/11/2002	192	3	981	1	74.4	65.6	0.323	38.33	1.191	0.387
7/11/2002	192	3	982	2	213.6	175.5	0.278	38.38	1.197	0.333
7/11/2002	192	4	983	1	62	56.8	0.284	38.52	0.798	0.279
7/11/2002	192	4	984	2	181	151.1	0.266	38.53	0.983	0.261
7/11/2002	192	5	985	1	70	62.2	0.332	38.72	1.025	0.307
7/11/2002	192	5	986	2	177	144.7	0.305	38.7	0.926	0.282
7/11/2002	192	6	987	1	74.9	65.7	0.337	38.37	1.193	0.406
7/11/2002	192	6	988	2	213.9	176.6	0.271	38.73	1.204	0.326
7/11/2002	192	7	989	1	78.3	70	0.263	38.44	1.378	0.292
7/11/2002	192	7	990	2	194.1	165.6	0.224	38.64	1.109	0.248
7/11/2002	192	8	991	1	69.2	62	0.305	38.36	1.032	0.403
7/11/2002	192	8	992	2	228.5	189.9	0.255	38.46	1.322	0.337
7/11/2002	192	9	1169	1	66.4	58.9	0.367	38.45	0.893	0.435
7/11/2002	192	9	1170	2	215	174.4	0.299	38.65	1.185	0.354
7/11/2002	192	10	1171	1	61.3	56.4	0.277	38.73	0.772	0.326
7/11/2002	192	10	1172	2	211.9	172.9	0.29	38.21	1.176	0.341
7/11/2002	192	11	1173	1	60.8	54.3	0.411	38.47	0.691	0.406
7/11/2002	192	11	1174	2	184.1	152	0.284	38.78	0.989	0.281
7/11/2002	192	12	1175	1	83.6	73.8	0.277	38.42	1.545	0.368
7/11/2002	192	12	1176	2	227.9	190.6	0.245	38.31	1.33	0.326
7/11/2002	192	13	1025	1	77.9	70.9	0.214	38.16	1.43	0.323
7/11/2002	192	13	1026	2	243.1	211.5	0.183	38.45	1.511	0.277
7/11/2002	192	14	1027	1	77.2	69.2	0.259	38.26	1.351	0.297
7/11/2002	192	14	1028	2	200.6	169.4	0.238	38.31	1.145	0.273
7/11/2002	192	15	1029	1	73.1	63	0.412	38.51	1.069	0.433
7/11/2002	192	15	1030	2	206.7	158.4	0.401	38.02	1.051	0.421
7/11/2002	192	16	1031	1	73	64.3	0.337	38.45	1.129	0.315
7/11/2002	192	16	1032	2	175.5	145.5	0.28	38.54	0.934	0.262
7/11/2002	192	17	1033	1	75.7	66.1	0.345	38.25	1.216	0.386
7/11/2002	192	17	1034	2	207.3	166.3	0.32	38.15	1.119	0.358
7/11/2002	192	18	1035	1	73.8	65.4	0.31	38.28	1.184	0.287
7/11/2002	192	18	1036	2	176.4	144.5	0.301	38.63	0.925	0.278
7/11/2002	192	19	1037	1	61.6	55.8	0.336	38.56	0.753	0.371
7/11/2002	192	19	1038	2	199.8	164.8	0.277	38.28	1.105	0.306
7/11/2002	192	20	1039	1	67.1	60.3	0.313	38.55	0.95	0.273
7/11/2002	192	20	1040	2	164.4	137.9	0.266	38.1	0.872	0.232
7/11/2002	192	21	1183	1	77.8	70.3	0.237	38.63	1.383	0.242
7/11/2002	192	21	1184	2	181.2	155.1	0.223	38.32	1.02	0.227
7/11/2002	192	22	1181	1	69.7	62.3	0.315	38.8	1.026	0.300
7/11/2002	192	22	1182	2	179.7	147.6	0.294	38.44	0.953	0.280
7/11/2002	192	23	1179	1	66.6	61.1	0.246	38.76	0.975	0.237
7/11/2002	192	23	1180	2	175.3	149.1	0.238	38.86	0.963	0.229
7/11/2002	192	24	1177	1	60.9	54.6	0.392	38.52	0.702	0.291
7/11/2002	192	24	1178	2	153.9	123.2	0.361	38.12	0.743	0.268
7/11/2002	192	25	1073	1	77.1	65.1	0.467	39.43	1.121	0.486
7/11/2002	192	25	1074	2	207.1	158.9	0.405	39.77	1.04	0.421
7/11/2002	192	26	1075	1	70.8	63.6	0.296	39.3	1.061	0.363
7/11/2002	192	26	1076	2	216	179.5	0.26	39.2	1.225	0.319
7/11/2002	192	27	1077	1	71.7	65.1	0.261	39.81	1.104	0.247
7/11/2002	192	27	1078	2	174.1	147.6	0.245	39.44	0.945	0.232
7/11/2002	192	28	1079	1	73.3	64.6	0.347	39.51	1.096	0.400
7/11/2002	192	28	1080	2	214.1	170.2	0.332	38.13	1.153	0.383
7/11/2002	192	29	1081	1	73.3	66.1	0.257	38.1	1.223	0.244
7/11/2002	192	29	1082	2	174.5	147	0.253	38.09	0.951	0.241
7/11/2002	192	30	1083	1	62.2	55.6	0.386	38.5	0.747	0.412
7/11/2002	192	30	1084	2	199.1	160.7	0.314	38.36	1.068	0.335
7/11/2002	192	31	1085	1	67.1	58.5	0.423	38.16	0.888	0.452
7/11/2002	192	31	1086	2	201.9	160.7	0.337	38.27	1.069	0.360
7/11/2002	192	32	1087	1	55.8	51.8	0.303	38.59	0.577	0.285
7/11/2002	192	32	1088	2	179.4	146	0.31	38.38	0.94	0.291
7/11/2002	192	33	1217	1	76.7	66.2	0.376	38.29	1.219	0.344
7/11/2002	192	33	1218	2	178.3	143.1	0.335	38.16	0.916	0.307
7/11/2002	192	34	1219	1	81.7	69.9	0.376	38.48	1.372	0.388
7/11/2002	192	34	1220	2	191.3	156.6	0.293	38.34	1.033	0.303
7/11/2002	192	35	1221	1	-999	-999	-999	-999	-999	-999
7/11/2002	192	35	1222	2	-999	-999	-999	-999	-999	-999
7/11/2002	192	36	1223	1	242.1	208.2	0.199	38.03	7.43	0.054
7/11/2002	192	36	1224	2	76.6	69.1	0.243	38.22	0.27	0.066
7/11/2002	192	38	1121	1	62.9	57.2	0.327	39.75	0.762	0.325
7/11/2002	192	38	1122	2	186.7	153.2	0.295	39.46	0.993	0.293
7/11/2002	192	39	1123	1	64.9	59.4	0.26	38.28	0.922	0.284
7/11/2002	192	39	1124	2	192.2	163.3	0.231	38.3	1.092	0.252
7/11/2002	192	40	1125	1	76.1	67.4	0.299	38.33	1.269	0.352
7/11/2002	192	40	1126	2	214.4	174.7	0.294	39.78	1.178	0.346
7/11/2002	192	41	1127	1	61.9	56.5	0.317	39.49	0.743	0.301
7/11/2002	192	41	1128	2	177.2	147.7	0.272	39.19	0.948	0.258
7/11/2002	192	42	1129	1	-999	-999	-999	-999	-999	-999
7/11/2002	192	42	1130	2	-999	-999	-999	-999	-999	-999
7/11/2002	192	43	1131	1	73.3	64.9	0.329	39.34	1.116	0.389
7/11/2002	192	43	1132	2	210.1	174.8	0.261	39.57	1.181	0.308
7/11/2002	192	44	1133	1	67.5	60.5	0.312	38.08	0.979	0.332
7/11/2002	192	44	1134	2	198.5	159.7	0.319	37.95	1.063	0.339
7/11/2002	192	45	1226	1	195.5	158	0.314	38.43	5.221	0.079
7/11/2002	192	45	1225	2	76.8	67.1	0.335	38.18	0.253	0.085
7/11/2002	192	46	1227	1	80.9	71.1	0.299	38.36	1.43	0.375
7/11/2002	192	46	1228	2	219.6	182.1	0.261	38.55	1.254	0.327
7/11/2002	192	47	1229	1	73.5	66.6	0.246	38.56	1.224	0.380
7/11/2002	192	47	1230	2	251.2	214.9	0.205	38.2	1.543	0.316
7/11/2002	192	48	1231	1	76	66.9	0.319	38.35	1.247	0.421
7/11/2002	192	48	1232	2	227.6	189.5	0.252	38.28	1.321	0.333
7/12/2002	193	1	961	1	75.3	66.4	0.321	38.69	1.21	0.370
7/12/2002	193	1	962	2	206	170.5	0.269	38.43	1.153	0.310
7/12/2002	193	2	963	1	66.5	60	0.304	38.62	0.934	0.257
7/12/2002	193	2	964	2	162.8	135.5	0.282	38.85	0.844	0.238
7/12/2002	193	3	965	1	65.7	59	0.331	38.75	0.884	0.389
7/12/2002	193	3	966	2	210.2	173.3	0.274	38.69	1.176	0.322
7/12/2002	193	4	967	1	62.1	57.1	0.264	38.13	0.828	0.280
7/12/2002	193	4	968	2	190.7	160.1	0.252	38.47	1.062	0.268
7/12/2002	193	5	969	1	55.3	51.1	0.335	38.57	0.547	0.304
7/12/2002	193	5	970	2	174.7	142.5	0.31	38.55	0.908	0.281
7/12/2002	193	6	971	1	72.1	63.3	0.357	38.63	1.077	0.369
7/12/2002	193	6	972	2	196	156.8	0.331	38.29	1.035	0.343
7/12/2002	193	7	973	1	68.8	63.2	0.225	38.35	1.085	0.229
7/12/2002	193	7	974	2	178.4	155	0.201	38.71	1.016	0.204
7/12/2002	193	8	975	1	71.6	63.6	0.322	38.79	1.083	0.339
7/12/2002	193	8	976	2	193.1	158.9	0.283	38.26	1.054	0.298
7/12/2002	193	9	1153	1	77.1	68.9	0.271	38.69	1.319	0.369
7/12/2002	193	9	1154	2	237.2	194.2	0.276	38.13	1.363	0.376
7/12/2002	193	10	1155	1	62.8	57.9	0.251	38.41	0.851	0.289
7/12/2002	193	10	1156	2	201.4	170.4	0.235	38.68	1.15	0.270
7/12/2002	193	11	1157	1	57.6	52.7	0.343	38.41	0.624	0.313
7/12/2002	193	11	1158	2	175.9	142.7	0.318	38.23	0.912	0.290
7/12/2002	193	12	1159	1	70.7	64.8	0.225	38.53	1.147	0.302
7/12/2002	193	12	1160	2	222.1	191.9	0.197	38.33	1.341	0.264
7/12/2002	193	13	1009	1	88.1	80	0.193	38.09	1.83	0.255
7/12/2002	193	13	1010	2	215.9	190.1	0.17	38.61	1.323	0.225
7/12/2002	193	14	1011	1	80.7	74.1	0.185	38.44	1.557	0.243
7/12/2002	193	14	1012	2	216.8	189.2	0.183	38.73	1.314	0.240
7/12/2002	193	15	1013	1	62.4	55.7	0.386	38.35	0.758	0.244
7/12/2002	193	15	1014	2	138.1	110.8	0.377	38.43	0.632	0.238
7/12/2002	193	16	1015	1	72.2	64.3	0.309	38.71	1.117	0.365
7/12/2002	193	16	1016	2	207.2	173.7	0.248	38.37	1.182	0.293
7/12/2002	193	17	1017	1	69	61.4	0.33	38.35	1.006	0.331
7/12/2002	193	17	1018	2	188.7	153	0.311	38.12	1.003	0.312
7/12/2002	193	18	1019	1	83.2	72.9	0.302	38.74	1.492	0.359
7/12/2002	193	18	1020	2	209.2	174.5	0.255	38.35	1.189	0.303
7/12/2002	193	19	1021	1	67.6	61.9	0.239	38.03	1.042	0.234
7/12/2002	193	19	1022	2	176.7	150.4	0.235	38.51	0.977	0.230
7/12/2002	193	20	1023	1	72.1	64.8	0.274	38.11	1.165	0.272
7/12/2002	193	20	1024	2	180.8	151.7	0.256	38.21	0.991	0.254
7/12/2002	193	21	1167	1	71.4	65.2	0.234	38.72	1.156	0.269
7/12/2002	193	21	1168	2	195.2	170.5	0.188	38.81	1.15	0.216
7/12/2002	193	22	1165	1	63.6	57.8	0.298	38.31	0.851	0.201
7/12/2002	193	22	1166	2	139	115.7	0.302	38.46	0.675	0.204
7/12/2002	193	23	1163	1	69.3	63.4	0.233	38.13	1.103	0.273
7/12/2002	193	23	1164	2	202.8	172.6	0.225	38.3	1.173	0.264
7/12/2002	193	24	1161	1	58.3	53.7	0.309	38.81	0.65	0.205
7/12/2002	193	24	1162	2	137.7	114.6	0.304	38.51	0.664	0.202
7/12/2002	193	25	1057	1	65.2	58.1	0.38	39.42	0.816	0.356
7/12/2002	193	25	1058	2	187.6	146.6	0.382	39.32	0.937	0.358
7/12/2002	193	26	1059	1	60.9	56.3	0.271	39.33	0.741	0.317
7/12/2002	193	26	1060	2	208.5	173.4	0.262	39.64	1.168	0.306
7/12/2002	193	27	1061	1	72.8	66.5	0.233	39.44	1.182	0.234
7/12/2002	193	27	1062	2	181.1	154.6	0.231	39.68	1.004	0.232
7/12/2002	193	28	1063	1	81.2	70.7	0.339	39.74	1.352	0.349
7/12/2002	193	28	1064	2	197.4	157.2	0.341	39.42	1.029	0.351
7/12/2002	193	29	1065	1	75.6	67.4	0.294	39.48	1.219	0.361
7/12/2002	193	29	1066	2	218.7	180.1	0.275	39.51	1.228	0.338
7/12/2002	193	30	1067	1	90.6	78.6	0.307	39.45	1.709	0.252
7/12/2002	193	30	1068	2	161.2	133.8	0.291	39.68	0.822	0.239
7/12/2002	193	31	1069	1	75.7	66.4	0.343	39.3	1.183	0.351
7/12/2002	193	31	1070	2	195.8	156.6	0.334	39.39	1.024	0.342
7/12/2002	193	32	1071	1	69.2	62.3	0.308	39.91	0.978	0.273
7/12/2002	193	32	1072	2	171.4	141	0.3	39.6	0.886	0.266
7/12/2002	193	33	1201	1	82.9	71.8	0.328	38.01	1.475	0.367
7/12/2002	193	33	1202	2	208.1	166.2	0.327	38.03	1.119	0.366
7/12/2002	193	34	1203	1	77.9	68.8	0.298	38.23	1.335	0.309
7/12/2002	193	34	1204	2	190.3	157.1	0.28	38.36	1.037	0.290
7/12/2002	193	35	1205	1	81.6	68.6	0.427	38.16	1.329	0.413
7/12/2002	193	35	1206	2	194.5	148.8	0.413	38.1	0.967	0.399
7/12/2002	193	36	1207	1	80.2	72.5	0.236	39.82	1.427	0.288
7/12/2002	193	36	1208	2	208.4	178.4	0.214	38.45	1.222	0.262
7/12/2002	193	38	1105	1	65.9	60	0.272	38.33	0.946	0.278
7/12/2002	193	38	1106	2	186.2	155.3	0.264	38.39	1.021	0.270
7/12/2002	193	39	1107	1	72.6	66.4	0.221	38.38	1.223	0.253
7/12/2002	193	39	1108	2	199.3	169.3	0.229	38.32	1.144	0.262
7/12/2002	193	40	1109	1	69.6	63	0.267	38.32	1.078	0.290
7/12/2002	193	40	1110	2	196.5	163.1	0.268	38.61	1.087	0.291
7/12/2002	193	41	1111	1	65.2	58.8	0.309	38.11	0.903	0.332
7/12/2002	193	41	1112	2	195.9	161.6	0.278	38.34	1.076	0.299
7/12/2002	193	42	1113	1	77	71	0.186	38.67	1.412	0.275
7/12/2002	193	42	1114	2	234.6	207.8	0.158	38.22	1.481	0.234
7/12/2002	193	43	1115	1	72.5	64.6	0.298	38.06	1.159	0.344
7/12/2002	193	43	1116	2	206.8	171.9	0.264	39.59	1.155	0.305
7/12/2002	193	44	1117	1	66.3	60.5	0.276	39.52	0.916	0.269
7/12/2002	193	44	1118	2	183.1	151.1	0.287	39.64	0.973	0.279
7/12/2002	193	45	1209	1	69.8	62.8	0.286	38.3	1.07	0.232
7/12/2002	193	45	1210	2	157.7	131.3	0.284	38.31	0.812	0.231
7/12/2002	193	46	1211	1	69.8	64	0.238	39.64	1.064	0.239
7/12/2002	193	46	1212	2	181.2	154.4	0.233	39.31	1.005	0.234
7/12/2002	193	47	1213	1	77.3	69	0.27	38.28	1.341	0.363
7/12/2002	193	47	1214	2	228.3	191.9	0.237	38.11	1.343	0.318
7/12/2002	193	48	1215	1	75.8	67.3	0.293	38.25	1.268	0.357
7/12/2002	193	48	1216	2	212.3	178	0.246	38.38	1.219	0.300
