Year	Month	Day	ATX6	ATN6	ATA6	WSPDA	WDDA
2002	6	1	32.43	17.07	25.32	5.16	280.26
2002	6	2	35.12	17.73	26.94	4.66	28.75
2002	6	3	26.18	15.68	20.34	9.99	108.66
2002	6	4	27.72	14.8	21.39	9.17	90.46
2002	6	5	18.61	11.84	15.8	9.32	348.57
2002	6	6	23.42	10.18	17.22	3.72	75.16
2002	6	7	27.57	11.72	20.63	9.61	163.43
2002	6	8	30.57	14.99	23.2	12.25	167.12
2002	6	9	31.43	17.68	24.81	9.7	165.63
2002	6	10	32.43	18.22	25.35	11.96	157.54
2002	6	11	28.11	21.22	24.71	11.93	165.63
2002	6	12	28.42	18.8	22.69	5.6	168.97
2002	6	13	28.77	18.49	23.1	4.01	30.86
2002	6	14	23.61	12.65	19.02	9.23	323.78
2002	6	15	24.62	11.79	17.53	11.28	314.46
2002	6	16	26.5	11.31	19.34	8.23	317.1
2002	6	17	27.23	9.57	19.27	3.78	270.59
2002	6	18	26.84	14.8	20.95	7.68	183.38
2002	6	19	30.38	18	23.96	13.13	147.16
2002	6	20	30.38	21.76	25.45	15.82	176.7
2002	6	21	30.43	17.39	24.71	4.66	74.29
2002	6	22	32.23	22.95	27.16	7.79	180.84
2002	6	23	33.31	21.95	27.5	9.17	187.87
2002	6	24	33.11	19.27	26.47	9	181.71
2002	6	25	32.92	18.14	25.67	6.12	179.25
2002	6	26	33.65	19.34	27.06	6.12	211.96
2002	6	27	35.19	17.8	27.35	6.36	293.8
2002	6	28	30.77	15.6	23.64	3.05	350.77
2002	6	29	31.77	15.95	24.69	4.72	173.19
2002	6	30	35.19	18.07	26.98	6.83	172.57
2002	7	1	34.04	22.69	28.47	7.65	196.84
2002	7	2	33.24	21.81	27.35	10.37	211.08
2002	7	3	32.5	18.75	26.15	8.26	197.36
2002	7	4	32.77	18.53	26.35	4.48	210.29
2002	7	5	33.58	21.22	25.84	3.49	139.69
2002	7	6	32.45	20.22	25.18	4.25	135.56
2002	7	7	34.04	19.41	24.08	4.72	155.52
2002	7	8	31.04	19	24.47	4.34	142.51
2002	7	9	35.26	22.69	27.96	6.59	252.4
2002	7	10	31.58	20.68	26.15	3.46	10.81
2002	7	11	28.57	18.8	22.34	6.07	155.43
2002	7	12	20.29	16	18.12	8.06	88.53
2002	7	13	26.15	14.73	20.42	4.78	64.7
2002	7	14	27.77	12.99	20.34	2.11	18.64
2002	7	15	28.11	12.45	21.29	1.76	175.38
2002	7	16	29.57	13.06	22.03	2.9	157.1
2002	7	17	31.04	16.34	23.96	3.63	170.37
2002	7	18	33.19	18.14	25.64	3.55	185.93
2002	7	19	32.77	20.34	25.98	2.81	203.69
2002	7	20	31.84	20.88	25.98	4.04	156.66
2002	7	21	36.26	23.22	28.94	4.95	177.49
2002	7	22	35.26	22.69	28.62	5.68	202.29
2002	7	23	29.79	15.73	23.42	5.89	354.99
2002	7	24	27.57	12.87	20.02	3.81	49.41
2002	7	25	27.64	14.87	21.07	4.42	128.88
2002	7	26	30.65	18.95	24.15	5.22	157.8
2002	7	27	31.26	19.19	24.49	4.13	220.92
2002	7	28	33.19	19.76	25.76	5.63	178.73
2002	7	29	32.84	21.49	26.3	4.31	204.04
2002	7	30	31.45	19.8	24.96	5.36	249.32
2002	7	31	34.19	18.22	26.42	4.54	192.35
2002	8	1	33.92	20.81	27.4	5.83	177.05
2002	8	2	31.84	15.68	24.91	8.62	306.02
2002	8	3	26.76	9.79	19.02	3.72	32.7
2002	8	4	32.5	12.6	24.37	5.04	144.44
2002	8	5	30.38	21.03	24.62	5.27	97.14
2002	8	6	29.04	21.07	24.15	5.45	82.99
2002	8	7	25.03	17.53	20.42	7.71	102.51
2002	8	8	26.42	15.53	20.12	5.51	118.86
2002	8	9	26.76	13.72	20.12	4.48	131.08
2002	8	10	28.5	13.65	21.03	3.99	130.64
2002	8	11	30.23	17	23.35	3.16	227.25
2002	8	12	33.31	18.61	25.59	4.34	184.7
2002	8	13	28.91	15.85	22.22	6.48	156.92
2002	8	14	22.17	13.58	16.87	3.75	307.96
2002	8	15	28.72	12.6	20.56	6.04	207.82
2002	8	16	28.96	14.65	21.39	6.1	239.82
2002	8	17	25.96	12.53	19.98	5.51	161.23
2002	8	18	24.03	10.38	18.8	8.79	287.74
2002	8	19	23.42	7.99	16.09	4.22	93.1
2002	8	20	25.76	11.65	18.63	5.19	43.34
2002	8	21	26.91	11.65	19.39	7.3	122.81
2002	8	22	29.11	20.61	24.69	5.68	177.32
2002	8	23	29.16	20.34	24.2	4.6	42.73
2002	8	24	28.45	17.8	22.17	5.27	297.67
2002	8	25	27.84	17.41	20.95	3.28	331.96
2002	8	26	30.23	17.07	22.66	2.84	278.33
2002	8	27	31.58	16.68	23.2	2.34	356.84
2002	8	28	29.16	15.95	22.49	3.9	99.69
2002	8	29	29.43	16.14	21.93	3.52	118.86
2002	8	30	28.91	16.14	21.66	3.69	131.34
2002	8	31	27.96	15.19	20.68	4.57	133.36
