Can#	Wgt in grams
1	38.45
2	40.09
3	38.32
4	38.65
5	38.30
6	38.43
7	40.37
8	38.61
9	38.35
10	38.41
11	38.29
12	38.79
13	38.79
14	38.51
15	40.48
16	38.31
17	38.74
18	38.80
19	38.82
20	38.72
21	38.65
22	38.47
23	38.70
24	38.28
25	40.58
26	38.71
27	38.07
28	38.76
29	38.50
30	40.18
31	37.54
32	38.65
33	39.92
34	38.32
35	38.37
36	38.84
37	40.92
38	41.17
39	40.22
40	40.04
41	40.67
42	40.50
43	40.75
44	40.28
45	40.99
46	40.39
47	41.07
48	40.39
49	40.54
50	40.82
51	40.63
52	41.10
53	40.74
54	40.14
55	40.38
56	40.61
57	40.55
58	40.89
59	40.22
60	40.26
61	40.77
62	40.30
63	40.29
64	40.46
65	40.56
66	40.62
67	41.15
68	40.75
69	40.92
70	40.95
71	40.51
72	40.84
73	40.89
74	40.85
75	40.91
76	40.84
77	40.22
78	40.58
79	40.53
80	40.68
81	40.72
82	40.67
83	40.78
84	41.19
85	40.73
86	41.00
87	40.82
88	40.31
89	40.65
90	40.51
91	40.77
92	40.51
93	40.95
94	41.06
95	40.31
96	40.81
97	40.63
98	40.28
99	40.49
100	40.93
101	40.66
102	40.89
103	40.34
104	40.83
105	40.69
106	41.01
107	40.54
108	40.50
109	40.37
110	40.92
111	40.44
112	40.37
113	41.01
114	40.55
115	40.38
116	40.90
117	40.33
118	40.58
119	40.90
120	40.60
121	41.26
122	41.17
123	40.69
124	40.49
125	40.80
126	40.53
127	41.09
128	40.51
129	40.91
130	40.70
131	41.05
132	40.29
133	40.85
134	40.74
135	40.84
136	41.25
137	40.86
138	40.33
139	41.42
140	40.57
141	41.01
142	40.69
143	40.92
144	40.76
145	40.66
146	40.77
147	40.70
148	41.41
149	40.47
150	40.97
151	37.85
152	41.11
153	40.78
154	40.96
155	40.50
156	41.04
157	40.85
158	40.31
159	40.70
160	40.71
161	41.34
162	40.81
163	40.65
164	40.41
165	40.35
166	40.01
167	40.45
168	40.14
169	40.67
170	39.35
171	40.77
172	41.07
173	41.13
174	40.35
175	40.64
176	40.42
177	40.55
178	41.14
179	40.79
180	41.01
181	40.55
182	39.71
183	38.41
184	39.83
185	40.81
186	39.43
187	40.55
188	40.99
189	40.77
190	39.96
191	39.52
192	39.62
193	40.52
194	40.84
195	40.76
196	39.89
197	39.80
198	40.64
199	40.73
200	40.43
201	40.50
202	40.66
203	39.88
204	39.70
205	38.96
206	39.25
207	40.55
208	40.86
209	38.40
210	38.83
211	39.01
212	40.02
213	40.74
214	38.89
215	40.78
216	39.73
217	39.61
218	38.21
219	38.40
220	39.67
221	39.67
222	38.50
223	38.42
224	38.22
225	38.48
226	38.30
227	38.45
228	38.17
229	39.37
230	38.08
231	38.27
232	38.47
233	38.13
234	38.43
235	38.42
236	38.35
237	39.53
238	39.63
239	39.64
240	38.15
241	39.80
242	38.52
243	38.49
244	38.22
245	38.24
246	39.94
247	38.10
248	39.65
249	38.42
250	39.66
251	38.08
252	39.49
253	38.15
254	38.45
255	38.11
256	38.51
257	38.38
258	39.38
259	39.72
260	38.32
261	39.62
262	38.20
263	38.42
264	38.25
265	38.36
266	38.49
267	39.85
268	38.39
269	38.26
270	38.53
271	38.02
272	39.60
273	38.24
274	38.35
275	39.35
276	38.37
277	39.45
278	38.20
279	38.11
280	38.44
281	38.17
282	38.56
283	39.53
284	38.06
285	38.35
286	38.18
287	38.16
288	40.91
289	40.15
290	40.15
291	40.18
292	41.20
293	41.34
294	40.23
295	40.10
296	39.88
297	40.27
298	40.53
299	41.36
300	40.77
301	40.15
302	41.02
303	41.07
304	40.67
305	41.07
306	40.83
307	40.46
308	40.65
309	40.87
310	41.27
311	40.58
312	40.20
313	40.83
314	40.54
315	40.98
316	40.44
317	40.75
318	40.70
319	40.78
320	40.60
321	40.43
322	40.39
323	40.15
324	38.17
325	38.43
326	38.23
327	38.21
328	38.19
329	38.30
330	38.47
331	38.25
332	38.27
333	38.35
334	38.50
335	38.55
336	38.29
337	38.34
338	38.79
339	38.23
340	38.06
341	38.09
342	39.51
343	38.32
344	39.84
345	38.18
346	38.38
347	38.29
348	38.27
349	38.36
350	38.23
351	38.39
352	38.30
353	38.35
354	39.54
355	38.17
356	39.63
357	38.09
358	37.98
359	38.39
360	40.89
361	40.71
362	40.74
363	40.39
364	40.76
365	38.16
366	40.35
367	40.64
368	40.89
369	40.20
370	38.16
371	40.72
372	40.81
373	40.79
374	40.71
375	40.47
376	41.33
377	40.23
378	40.30
379	40.66
380	40.61
381	40.66
382	40.62
383	41.14
384	40.47
385	40.12
386	41.05
387	40.32
388	40.65
389	40.33
390	40.90
391	40.57
392	41.33
393	41.08
394	40.99
395	40.69
396	38.42
397	38.34
398	37.94
399	39.71
400	38.06
401	38.06
402	39.72
403	38.14
404	38.31
405	38.51
406	38.22
407	38.40
408	38.32
409	38.02
410	38.38
411	38.23
412	37.98
413	38.42
414	37.98
415	38.17
416	38.31
417	39.62
418	39.50
419	38.40
420	38.39
421	38.54
422	38.52
423	37.97
424	39.74
425	38.40
426	38.23
427	38.25
428	38.10
429	37.93
430	38.30
431	38.37
432	38.54
433	38.37
434	38.43
435	38.45
436	38.12
437	38.14
438	38.21
439	39.57
440	38.38
441	38.49
442	38.02
443	38.55
444	38.17
445	38.25
446	38.21
447	38.16
448	38.50
449	38.40
450	38.45
451	39.90
452	38.35
453	38.30
454	38.25
455	38.32
456	38.49
457	38.11
458	38.17
459	38.51
460	38.35
461	38.14
462	39.53
463	38.22
464	38.52
465	38.56
466	38.34
467	38.70
468	38.59
469	38.40
470	38.71
471	38.60
472	38.73
473	39.03
474	38.54
475	38.60
476	38.68
477	38.77
478	38.51
479	38.70
480	38.68
481	38.13
482	38.39
483	38.16
484	38.39
485	38.74
486	38.39
487	38.28
488	38.62
489	38.34
490	38.44
491	38.27
492	38.62
493	38.13
494	38.34
495	38.56
496	38.49
497	38.47
498	38.63
499	38.31
500	38.55
501	38.73
502	38.51
503	38.63
504	38.46
505	38.44
506	38.50
507	39.74
508	39.72
509	38.26
510	38.01
511	38.49
512	38.48
513	38.75
514	38.37
515	38.45
516	39.78
517	38.25
518	38.13
519	38.11
520	38.31
521	38.17
522	38.17
523	38.11
524	38.16
525	38.28
526	38.27
527	38.30
528	38.17
529	38.22
530	38.44
531	38.03
532	38.18
533	39.65
534	38.28
535	38.58
536	38.32
537	38.46
538	38.37
539	38.40
540	38.33
541	40.33
542	40.80
543	40.21
544	41.09
545	40.72
546	40.91
547	40.70
548	41.25
549	40.51
550	40.62
551	41.11
552	41.19
553	40.39
554	40.62
555	41.21
556	40.60
557	40.79
558	40.43
559	40.26
560	40.66
561	40.73
562	40.87
563	40.70
564	40.93
565	40.32
566	40.67
567	40.67
568	40.10
569	41.03
570	40.74
571	40.51
572	40.68
573	40.77
574	40.65
575	40.27
576	40.55
577	40.61
578	40.63
579	40.16
580	40.42
581	40.51
582	40.71
583	40.65
584	41.03
585	40.92
586	40.36
587	40.74
588	40.85
589	41.30
590	40.62
591	40.54
592	40.82
593	40.35
594	40.70
595	40.50
596	40.91
597	41.06
598	40.56
599	40.31
600	40.49
601	38.29
602	38.11
603	38.46
604	38.33
605	38.24
606	38.22
607	38.33
608	38.54
609	39.45
610	38.37
611	38.23
612	39.95
613	38.47
614	38.38
615	38.17
616	38.39
617	38.29
618	38.35
619	38.25
620	38.19
621	38.35
622	38.18
623	38.24
624	39.59
625	39.40
626	38.43
627	39.47
628	38.39
629	38.10
630	38.32
631	38.05
632	38.08
633	37.94
634	38.10
635	39.59
636	38.44
637	40.54
638	40.76
639	40.90
640	40.45
641	40.40
642	41.03
643	40.93
644	40.63
645	40.83
646	40.83
647	40.34
648	40.71
649	38.69
650	38.59
651	38.14
652	38.34
653	38.48
654	38.79
655	38.37
656	38.41
657	38.58
658	38.36
659	38.38
660	38.61
661	38.22
662	38.83
663	38.50
664	38.66
665	38.77
666	38.32
667	38.54
668	37.93
669	38.75
670	38.61
671	38.69
672	38.26
673	38.72
674	38.51
675	38.63
676	38.75
677	38.48
678	38.27
679	38.70
680	38.46
681	38.58
682	38.38
683	38.75
684	39.70
685	38.16
686	38.35
687	38.04
688	38.29
689	38.31
690	38.24
691	38.18
692	38.28
693	38.24
694	38.48
695	38.17
696	38.39
697	38.26
698	38.48
699	38.23
700	38.44
701	38.53
702	38.13
703	39.47
704	38.12
705	38.05
706	37.94
707	38.15
708	38.60
709	38.42
710	38.48
711	39.59
712	38.24
713	38.37
714	38.31
715	39.66
716	38.06
717	38.30
718	38.51
719	38.32
720	40.07	
721	38.16	
722	38.64	
723	38.36
724	38.52	
725	38.42	
726	38.61	
727	38.57	
728	38.38	
729	38.70	
730	38.38	
731	38.62	
732	38.67	
733	38.58	
734	40.12	
735	38.35	
736	38.50
737	40.38
738	38.55
739	38.52
740	40.32
741	40.22
742	40.57
743	40.14
744	39.98
745	38.37
746	38.56
747	38.53
748	38.62
749	40.36
750	40.24
751	40.28
752	40.21
753	40.39
754	38.40
755	40.32
756	38.22
757	38.44
758	38.17
759	38.32
760	38.40
761	38.56
762	38.54
763	38.37
764	38.49
765	38.66
766	39.42
767	39.69
768	38.29
769	38.26
770	38.42
771	39.51
772	39.39
773	38.38
774	38.16
775	38.53
776	38.38
777	39.74
778	39.44
779	38.45
780	38.29
781	38.34
782	39.53
783	38.48
784	38.29
785	38.09
786	38.40
787	38.37
788	38.09
789	38.46
790	38.25
791	39.56
792	39.04
793	39.81
794	39.56
795	38.05
796	39.38
797	39.36
798	38.35
799	39.13
800	39.01
801	38.37
802	39.48
803	38.05
804	39.39
805	39.32
806	39.45
807	39.28
808	39.49
809	39.64
810	39.42
811	39.44
812	39.49
813	38.41
814	39.24
815	38.01
816	39.56
817	38.54
818	39.31
819	39.55
820	38.21
821	39.46
822	39.41
823	38.27
824	38.29
825	39.50
826	39.63
827	38.42
828	38.55
829	38.22
830	38.34
831	38.67
832	39.37
833	39.34
834	38.27
835	38.44
836	38.29
837	38.41
838	38.01
839	38.38
840	38.28
841	38.43
842	38.50
843	38.07
844	39.20
845	38.54
846	39.62
847	39.26
848	38.28
849	38.42
850	39.51
851	38.20
852	39.47
853	38.42
854	38.23
855	38.36
856	38.34
857	38.33
858	38.24
859	38.30
860	38.27
861	38.16
862	38.50
863	38.36
864	38.20
865	38.21
866	38.55
867	38.30
868	38.72
869	38.56
870	38.73
871	38.66
872	38.40
873	40.15
874	38.73
875	38.64
876	38.60
877	38.05
878	38.73
879	38.12
880	38.03
881	38.65
882	40.17
883	38.66
884	38.52
885	38.28
886	37.97
887	38.36
888	38.86
889	38.11
890	38.29
891	38.58
892	38.85
893	38.38
894	39.71
895	38.55
896	38.13
897	38.76
898	38.45
899	38.38
900	38.16
901	38.22
902	38.09
903	38.39
904	38.13
905	38.18
906	38.39
907	38.43
908	38.36
909	38.61
910	38.04
911	38.22
912	38.39
913	38.36
914	38.02
915	38.31
916	38.64
917	38.39
918	38.59
919	38.37
920	38.70
921	38.77
922	38.33
923	38.27
924	37.85
925	38.92
926	38.64
927	38.04
928	38.12
929	38.55
930	38.36
931	38.60
932	38.27
933	38.46
934	38.11
935	37.80
936	38.41
937	38.52
938	38.69
939	38.07
940	38.55
941	38.63
942	38.30
943	38.42
944	38.34
945	38.17
946	38.90
947	38.38
948	38.48
949	38.29
950	38.51
951	38.90
952	38.24
953	38.38
954	38.46
955	38.10
956	38.67
957	38.47
958	38.35
959	38.13
960	38.35
961	38.69
962	38.43
963	38.62
964	38.85
965	38.75
966	38.69
967	38.13
968	38.47
969	38.57
970	38.55
971	38.63
972	38.29
973	38.35
974	38.71
975	38.79
976	38.26
977	38.42
978	38.47
979	38.39
980	38.45
981	38.33
982	38.38
983	38.52
984	38.53
985	38.72
986	38.70
987	38.37
988	38.73
989	38.44
990	38.64
991	38.36
992	38.46
993	38.18
994	38.80
995	38.64
996	38.77
997	38.55
998	38.12
999	38.56
1000	38.64
1001	38.72
1002	38.22
1003	38.37
1004	38.45
1005	38.44
1006	38.57
1007	38.52
1008	38.69
1009	38.09
1010	38.61
1011	38.44
1012	38.73
1013	38.35
1014	38.43
1015	38.71
1016	38.37
1017	38.35
1018	38.12
1019	38.74
1020	38.35
1021	38.03
1022	38.51
1023	38.11
1024	38.21
1025	38.16
1026	38.45
1027	38.26
1028	38.31
1029	38.51
1030	38.02
1031	38.45
1032	38.54
1033	38.25
1034	38.15
1035	38.28
1036	38.63
1037	38.56
1038	38.28
1039	38.55
1040	38.10
1041	38.41
1042	38.42
1043	38.37
1044	39.53
1045	39.41
1046	39.61
1047	39.50
1048	39.04
1049	39.35
1050	39.26
1051	39.40
1052	38.97
1053	39.49
1054	39.88
1055	39.37
1056	39.34
1057	39.42
1058	39.32
1059	39.33
1060	39.64
1061	39.44
1062	39.68
1063	39.74
1064	39.42
1065	39.48
1066	39.51
1067	39.45
1068	39.68
1069	39.30
1070	39.39
1071	39.91
1072	39.60
1073	39.43
1074	39.77
1075	39.30
1076	39.20
1077	39.81
1078	39.44
1079	39.51
1080	38.13
1081	38.10
1082	38.09
1083	38.50
1084	38.36
1085	38.16
1086	38.27
1087	38.59
1088	38.38
1089	37.97
1090	38.35
1091	37.96
1092	38.35
1093	38.19
1094	38.27
1095	38.32
1096	38.28
1097	39.59
1098	38.44
1099	37.95
1100	38.36
1101	38.34
1102	38.43
1103	38.43
1104	38.35
1105	38.33
1106	38.39
1107	38.38
1108	38.32
1109	38.32
1110	38.61
1111	38.11
1112	38.34
1113	38.67
1114	38.22
1115	38.06
1116	39.59
1117	39.52
1118	39.64
1119	39.51
1120	39.55
1121	39.75
1122	39.46
1123	38.28
1124	38.30
1125	38.33
1126	39.78
1127	39.49
1128	39.19
1129	38.36
1130	39.36
1131	39.34
1132	39.57
1133	38.08
1134	37.95
1135	38.29
1136	38.01
1137	38.32
1138	39.25
1139	39.54
1140	39.60
1141	38.01
1142	38.33
1143	38.38
1144	38.23
1145	38.13
1146	38.39
1147	38.13
1148	38.19
1149	38.40
1150	38.19
1151	38.15
1152	38.76
1153	38.69
1154	38.13
1155	38.41
1156	38.68
1157	38.41
1158	38.23
1159	38.53
1160	38.33
1161	38.81
1162	38.51
1163	38.13
1164	38.30
1165	38.31
1166	38.46
1167	38.72
1168	38.81
1169	38.45
1170	38.65
1171	38.73
1172	38.21
1173	38.47
1174	38.78
1175	38.42
1176	38.31
1177	38.52
1178	38.12
1179	38.76
1180	38.86
1181	38.80
1182	38.44
1183	38.63
1184	38.32					
1185	38.85					
1186	38.67					
1187	38.53					
1188	39.80					
1189	38.63					
1190	38.31					
1191	38.34					
1192	38.39					
1193	38.25					
1194	40.07					
1195	38.32					
1196	38.47					
1197	38.30			
1198	39.76					
1199	39.71					
1200	38.21
1201	38.01
1202	38.03
1203	38.23
1204	38.36
1205	38.16
1206	38.10
1207	39.82
1208	38.45
1209	38.30
1210	38.31
1211	39.64
1212	39.31
1213	38.28
1214	38.11
1215	38.25
1216	38.38
1217	38.29
1218	38.16
1219	38.48
1220	38.34
1221	38.28
1222	38.39
1223	38.03
1224	38.22
1225	38.18
1226	38.43
1227	38.36
1228	38.55
1229	38.56
1230	38.20
1231	38.35
1232	38.28
1233	38.75
1234	38.43
1235	38.36
1236	38.67
1237	38.61
1238	38.36
1239	38.41
1240	38.52
1241	38.38
1242	38.53
1243	38.33
1244	38.63
1245	38.22
1246	38.68
1247	38.45
1248	38.08
1249	38.48
2001	38.19
2002	38.28
2003	38.08
2004	38.29
2005	39.59
2006	38.17
2007	38.10
2008	38.48
2009	38.40
2010	38.38

