Date	DOY	SiteID	Latitude	Longitude	Easting	Northing	mV	stdev	VSM_gc	stdev	VSM_ssc	stdev
6/25/2002	176	IA01	42.6599	-93.7174	441207	4723296	0.376	0.135	0.144	0.059	0.185	0.048
6/25/2002	176	IA02	42.5872	-93.7058	442086	4715215	0.526	0.079	0.208	0.033	0.198	0.021
6/25/2002	176	IA03	42.5066	-93.7192	440911	4706278	0.392	0.195	0.150	0.087	0.182	0.065
6/25/2002	176	IA04	42.4122	-93.7280	440099	4695803	0.292	0.126	0.104	0.058	0.151	0.024
6/25/2002	176	IA05	42.3417	-93.7287	439977	4687974	0.285	0.256	0.096	0.119	0.174	0.039
6/25/2002	176	IA06	42.2555	-93.6991	442333	4678376	0.273	0.074	0.098	0.035	0.130	0.026
6/25/2002	176	IA07	42.1703	-93.6990	442268	4668920	0.355	0.129	0.134	0.056	0.135	0.031
6/25/2002	176	IA08	42.0920	-93.7004	442082	4660226	0.544	0.044	0.215	0.020	0.210	0.012
6/25/2002	176	IA09	41.9792	-93.6981	442165	4647701	0.721	0.030	0.303	0.017	0.245	0.013
6/25/2002	176	IA10	41.9218	-93.6983	442096	4641330	0.581	0.016	0.232	0.008	0.185	0.006
6/25/2002	176	IA11	41.8490	-93.7196	440263	4633264	0.630	0.020	0.255	0.010	0.213	0.005
6/25/2002	176	IA12	41.7688	-93.6783	443620	4624330	0.488	0.027	0.191	0.012	0.161	0.009
6/25/2002	176	IA13	42.6658	-93.5280	456731	4723842	0.159	0.016	0.038	0.009	0.051	0.010
6/25/2002	176	IA14	42.5924	-93.5458	455217	4715697	0.296	0.073	0.108	0.035	0.116	0.033
6/25/2002	176	IA15	42.5126	-93.5491	454889	4706833	0.756	0.085	0.325	0.047	0.299	0.032
6/25/2002	176	IA16	42.4288	-93.5597	453962	4697543	0.530	0.157	0.212	0.072	0.185	0.057
6/25/2002	176	IA17	42.3546	-93.5652	453455	4689298	0.378	0.134	0.145	0.057	0.130	0.055
6/25/2002	176	IA18	42.2524	-93.5548	454232	4677953	0.546	0.067	0.217	0.030	0.204	0.030
6/25/2002	176	IA19	42.1642	-93.5597	453770	4668159	0.252	0.020	0.088	0.009	0.099	0.008
6/25/2002	176	IA20	42.0928	-93.5354	455722	4660221	0.606	0.056	0.244	0.025	0.219	0.019
6/25/2002	176	IA21	41.9893	-93.5406	455224	4648728	0.421	0.063	0.163	0.026	0.142	0.021
6/25/2002	176	IA22	41.9422	-93.5406	455190	4643504	0.308	0.147	0.111	0.066	0.128	0.045
6/25/2002	176	IA23	41.8494	-93.5609	453441	4633206	0.313	0.022	0.117	0.011	0.103	0.008
6/25/2002	176	IA24	41.7610	-93.5683	452755	4623401	0.721	0.063	0.304	0.033	0.224	0.014
6/25/2002	176	IA25	42.6594	-93.4276	464957	4723079	0.407	0.061	0.157	0.025	0.154	0.027
6/25/2002	176	IA26	42.6006	-93.4200	465544	4716548	0.414	0.055	0.161	0.022	0.159	0.018
6/25/2002	176	IA27	42.5145	-93.4212	465401	4706992	0.395	0.071	0.152	0.031	0.151	0.025
6/25/2002	176	IA28	42.4395	-93.4248	465065	4698667	0.464	0.113	0.183	0.049	0.176	0.040
6/25/2002	176	IA29	42.3410	-93.4243	465049	4687723	0.270	0.009	0.097	0.004	0.093	0.004
6/25/2002	176	IA30	42.2560	-93.4249	464952	4678289	0.456	0.114	0.180	0.050	0.190	0.037
6/25/2002	176	IA31	42.1791	-93.4255	464859	4669750	0.453	0.137	0.179	0.060	0.170	0.046
6/25/2002	176	IA32	42.0929	-93.4258	464789	4660181	0.349	0.005	0.134	0.002	0.133	0.001
6/25/2002	176	IA33	41.9853	-93.4343	464023	4648237	0.386	0.096	0.149	0.042	0.185	0.031
6/25/2002	176	IA34	41.9279	-93.4488	462792	4641865	0.310	0.067	0.114	0.031	0.132	0.025
6/25/2002	176	IA35	41.8343	-93.4089	466048	4631463	0.444	0.046	0.173	0.019	0.176	0.019
6/25/2002	176	IA36	41.7878	-93.3875	467803	4626284	0.413	0.036	0.161	0.015	0.180	0.011
6/25/2002	176	IA38	42.5868	-93.2813	476915	4714967	0.418	0.081	0.162	0.033	0.155	0.023
6/25/2002	176	IA39	42.4956	-93.2951	475752	4704847	0.429	0.114	0.168	0.048	0.158	0.041
6/25/2002	176	IA40	42.4418	-93.2930	475905	4698872	0.341	0.077	0.128	0.033	0.154	0.031
6/25/2002	176	IA41	42.3535	-93.2952	475685	4689064	0.539	0.141	0.215	0.061	0.193	0.040
6/25/2002	176	IA42	42.2605	-93.3113	474321	4678745	0.200	0.019	0.061	0.011	0.056	0.010
6/25/2002	176	IA43	42.1739	-93.2906	476002	4669123	0.593	0.106	0.239	0.047	0.187	0.042
6/25/2002	176	IA44	42.0923	-93.2993	475249	4660063	0.397	0.117	0.154	0.049	0.142	0.037
6/25/2002	176	IA45	42.0024	-93.2904	475955	4650079	0.426	0.051	0.165	0.021	0.204	0.014
6/25/2002	176	IA46	41.9485	-93.2908	475896	4644094	0.272	0.060	0.098	0.028	0.105	0.026
6/25/2002	176	IA47	41.8489	-93.2904	475897	4633042	0.529	0.073	0.210	0.032	0.201	0.025
6/25/2002	176	IA48	41.7837	-93.3041	474733	4625801	0.576	0.051	0.230	0.023	0.236	0.015
6/26/2002	177	IA01	42.6599	-93.7174	441207	4723296	0.305	0.009	0.113	0.004	0.161	0.003
6/26/2002	177	IA02	42.5872	-93.7058	442086	4715215	0.578	0.131	0.233	0.057	0.214	0.037
6/26/2002	177	IA03	42.5066	-93.7192	440911	4706278	0.334	0.026	0.127	0.012	0.164	0.009
6/26/2002	177	IA04	42.4122	-93.7280	440099	4695803	0.527	0.110	0.209	0.046	0.195	0.020
6/26/2002	177	IA05	42.3417	-93.7287	439977	4687974	0.456	0.177	0.182	0.080	0.202	0.027
6/26/2002	177	IA06	42.2555	-93.6991	442333	4678376	0.226	0.039	0.074	0.020	0.113	0.015
6/26/2002	177	IA07	42.1703	-93.6990	442268	4668920	0.446	0.121	0.175	0.053	0.158	0.029
6/26/2002	177	IA08	42.0920	-93.7004	442082	4660226	0.484	0.080	0.190	0.033	0.193	0.022
6/26/2002	177	IA09	41.9792	-93.6981	442165	4647701	0.543	0.150	0.219	0.069	0.181	0.054
6/26/2002	177	IA10	41.9218	-93.6983	442096	4641330	0.502	0.086	0.198	0.039	0.156	0.033
6/26/2002	177	IA11	41.8490	-93.7196	440263	4633264	0.589	0.060	0.236	0.028	0.203	0.015
6/26/2002	177	IA12	41.7688	-93.6783	443620	4624330	0.424	0.128	0.166	0.055	0.141	0.042
6/26/2002	177	IA13	42.6658	-93.5280	456731	4723842	0.184	0.007	0.053	0.004	0.066	0.004
6/26/2002	177	IA14	42.5924	-93.5458	455217	4715697	0.261	0.028	0.092	0.013	0.100	0.013
6/26/2002	177	IA15	42.5126	-93.5491	454889	4706833	0.773	0.021	0.332	0.012	0.303	0.008
6/26/2002	177	IA16	42.4288	-93.5597	453962	4697543	0.267	0.038	0.095	0.018	0.091	0.014
6/26/2002	177	IA17	42.3546	-93.5652	453455	4689298	0.593	0.146	0.241	0.064	0.220	0.061
6/26/2002	177	IA18	42.2524	-93.5548	454232	4677953	0.300	0.080	0.110	0.040	0.095	0.039
6/26/2002	177	IA19	42.1642	-93.5597	453770	4668159	0.202	0.042	0.062	0.023	0.077	0.020
6/26/2002	177	IA20	42.0928	-93.5354	455722	4660221	0.253	0.014	0.089	0.007	0.099	0.005
6/26/2002	177	IA21	41.9893	-93.5406	455224	4648728	0.277	0.013	0.100	0.007	0.093	0.005
6/26/2002	177	IA22	41.9422	-93.5406	455190	4643504	0.459	0.068	0.179	0.028	0.174	0.020
6/26/2002	177	IA23	41.8494	-93.5609	453441	4633206	0.315	0.015	0.118	0.007	0.104	0.005
6/26/2002	177	IA24	41.7610	-93.5683	452755	4623401	0.394	0.170	0.150	0.074	0.157	0.033
6/26/2002	177	IA25	42.6594	-93.4276	464957	4723079	0.438	0.280	0.172	0.131	0.169	0.133
6/26/2002	177	IA26	42.6006	-93.4200	465544	4716548	0.566	0.159	0.230	0.076	0.213	0.058
6/26/2002	177	IA27	42.5145	-93.4212	465401	4706992	0.356	0.037	0.137	0.016	0.138	0.013
6/26/2002	177	IA28	42.4395	-93.4248	465065	4698667	0.425	0.183	0.167	0.082	0.163	0.066
6/26/2002	177	IA29	42.3410	-93.4243	465049	4687723	0.272	0.042	0.098	0.020	0.094	0.020
6/26/2002	177	IA30	42.2560	-93.4249	464952	4678289	0.519	0.068	0.204	0.031	0.210	0.022
6/26/2002	177	IA31	42.1791	-93.4255	464859	4669750	0.385	0.141	0.148	0.061	0.147	0.047
6/26/2002	177	IA32	42.0929	-93.4258	464789	4660181	0.621	0.059	0.251	0.028	0.221	0.020
6/26/2002	177	IA33	41.9853	-93.4343	464023	4648237	0.349	0.209	0.130	0.094	0.172	0.069
6/26/2002	177	IA34	41.9279	-93.4488	462792	4641865	0.247	0.013	0.085	0.006	0.108	0.005
6/26/2002	177	IA35	41.8343	-93.4089	466048	4631463	0.420	0.067	0.162	0.028	0.166	0.029
6/26/2002	177	IA36	41.7878	-93.3875	467803	4626284	0.287	0.100	0.102	0.047	0.139	0.033
6/26/2002	177	IA38	42.5868	-93.2813	476915	4714967	0.304	0.071	0.112	0.033	0.121	0.023
6/26/2002	177	IA39	42.4956	-93.2951	475752	4704847	0.489	0.138	0.194	0.062	0.181	0.052
6/26/2002	177	IA40	42.4418	-93.2930	475905	4698872	0.296	0.082	0.108	0.038	0.135	0.035
6/26/2002	177	IA41	42.3535	-93.2952	475685	4689064	0.511	0.126	0.203	0.055	0.186	0.036
6/26/2002	177	IA42	42.2605	-93.3113	474321	4678745	0.202	0.029	0.063	0.016	0.058	0.016
6/26/2002	177	IA43	42.1739	-93.2906	476002	4669123	0.641	0.135	0.264	0.063	0.208	0.055
6/26/2002	177	IA44	42.0923	-93.2993	475249	4660063	0.336	0.073	0.126	0.032	0.123	0.023
6/26/2002	177	IA45	42.0024	-93.2904	475955	4650079	0.350	0.095	0.132	0.041	0.182	0.027
6/26/2002	177	IA46	41.9485	-93.2908	475896	4644094	0.388	0.078	0.150	0.032	0.153	0.030
6/26/2002	177	IA47	41.8489	-93.2904	475897	4633042	0.337	0.042	0.129	0.020	0.136	0.015
6/26/2002	177	IA48	41.7837	-93.3041	474733	4625801	0.410	0.039	0.159	0.015	0.188	0.011
6/27/2002	178	IA01	42.6599	-93.7174	441207	4723296	0.349	0.256	0.130	0.119	0.175	0.095
6/27/2002	178	IA02	42.5872	-93.7058	442086	4715215	0.285	0.011	0.103	0.005	0.130	0.003
6/27/2002	178	IA03	42.5066	-93.7192	440911	4706278	0.348	0.237	0.131	0.108	0.168	0.081
6/27/2002	178	IA04	42.4122	-93.7280	440099	4695803	0.337	0.124	0.126	0.054	0.160	0.023
6/27/2002	178	IA05	42.3417	-93.7287	439977	4687974	0.333	0.179	0.122	0.080	0.183	0.026
6/27/2002	178	IA06	42.2555	-93.6991	442333	4678376	0.274	0.146	0.094	0.066	0.128	0.050
6/27/2002	178	IA07	42.1703	-93.6990	442268	4668920	0.285	0.047	0.104	0.023	0.117	0.012
6/27/2002	178	IA08	42.0920	-93.7004	442082	4660226	0.487	0.080	0.192	0.034	0.194	0.022
6/27/2002	178	IA09	41.9792	-93.6981	442165	4647701	0.524	0.061	0.207	0.026	0.173	0.020
6/27/2002	178	IA10	41.9218	-93.6983	442096	4641330	0.478	0.133	0.187	0.058	0.146	0.050
6/27/2002	178	IA11	41.8490	-93.7196	440263	4633264	0.536	0.028	0.212	0.012	0.190	0.007
6/27/2002	178	IA12	41.7688	-93.6783	443620	4624330	0.471	0.124	0.186	0.054	0.156	0.042
6/27/2002	178	IA13	42.6658	-93.5280	456731	4723842	0.242	0.063	0.081	0.033	0.097	0.034
6/27/2002	178	IA14	42.5924	-93.5458	455217	4715697	0.176	0.033	0.048	0.019	0.058	0.018
6/27/2002	178	IA15	42.5126	-93.5491	454889	4706833	0.493	0.197	0.196	0.086	0.213	0.059
6/27/2002	178	IA16	42.4288	-93.5597	453962	4697543	0.277	0.046	0.100	0.022	0.095	0.017
6/27/2002	178	IA17	42.3546	-93.5652	453455	4689298	0.395	0.067	0.153	0.027	0.138	0.026
6/27/2002	178	IA18	42.2524	-93.5548	454232	4677953	0.333	0.026	0.126	0.012	0.111	0.012
6/27/2002	178	IA19	42.1642	-93.5597	453770	4668159	0.205	0.058	0.063	0.030	0.078	0.026
6/27/2002	178	IA20	42.0928	-93.5354	455722	4660221	0.284	0.107	0.101	0.050	0.110	0.038
6/27/2002	178	IA21	41.9893	-93.5406	455224	4648728	0.185	0.026	0.053	0.015	0.058	0.011
6/27/2002	178	IA22	41.9422	-93.5406	455190	4643504	0.367	0.113	0.139	0.049	0.146	0.034
6/27/2002	178	IA23	41.8494	-93.5609	453441	4633206	0.393	0.088	0.151	0.037	0.130	0.029
6/27/2002	178	IA24	41.7610	-93.5683	452755	4623401	0.637	0.083	0.260	0.041	0.206	0.017
6/27/2002	178	IA25	42.6594	-93.4276	464957	4723079	0.379	0.104	0.144	0.044	0.141	0.046
6/27/2002	178	IA26	42.6006	-93.4200	465544	4716548	0.319	0.040	0.119	0.018	0.127	0.014
6/27/2002	178	IA27	42.5145	-93.4212	465401	4706992	0.333	0.047	0.126	0.022	0.130	0.017
6/27/2002	178	IA28	42.4395	-93.4248	465065	4698667	0.339	0.101	0.127	0.044	0.130	0.036
6/27/2002	178	IA29	42.3410	-93.4243	465049	4687723	0.214	0.061	0.067	0.032	0.065	0.030
6/27/2002	178	IA30	42.2560	-93.4249	464952	4678289	0.394	0.083	0.151	0.037	0.169	0.027
6/27/2002	178	IA31	42.1791	-93.4255	464859	4669750	0.380	0.087	0.146	0.036	0.145	0.028
6/27/2002	178	IA32	42.0929	-93.4258	464789	4660181	0.470	0.080	0.185	0.034	0.171	0.025
6/27/2002	178	IA33	41.9853	-93.4343	464023	4648237	0.283	0.088	0.101	0.045	0.151	0.033
6/27/2002	178	IA34	41.9279	-93.4488	462792	4641865	0.237	0.034	0.081	0.016	0.104	0.014
6/27/2002	178	IA35	41.8343	-93.4089	466048	4631463	0.446	0.099	0.173	0.042	0.176	0.042
6/27/2002	178	IA36	41.7878	-93.3875	467803	4626284	0.208	0.044	0.064	0.023	0.113	0.016
6/27/2002	178	IA38	42.5868	-93.2813	476915	4714967	0.248	0.028	0.086	0.013	0.103	0.009
6/27/2002	178	IA39	42.4956	-93.2951	475752	4704847	0.467	0.101	0.184	0.044	0.172	0.037
6/27/2002	178	IA40	42.4418	-93.2930	475905	4698872	0.275	0.039	0.099	0.018	0.126	0.017
6/27/2002	178	IA41	42.3535	-93.2952	475685	4689064	0.289	0.136	0.102	0.062	0.119	0.041
6/27/2002	178	IA42	42.2605	-93.3113	474321	4678745	0.224	0.030	0.074	0.016	0.070	0.017
6/27/2002	178	IA43	42.1739	-93.2906	476002	4669123	0.566	0.137	0.228	0.060	0.177	0.053
6/27/2002	178	IA44	42.0923	-93.2993	475249	4660063	0.355	0.122	0.133	0.054	0.128	0.040
6/27/2002	178	IA45	42.0024	-93.2904	475955	4650079	0.337	0.050	0.128	0.022	0.179	0.014
6/27/2002	178	IA46	41.9485	-93.2908	475896	4644094	0.369	0.047	0.142	0.020	0.145	0.018
6/27/2002	178	IA47	41.8489	-93.2904	475897	4633042	0.326	0.055	0.123	0.026	0.132	0.020
6/27/2002	178	IA48	41.7837	-93.3041	474733	4625801	0.509	0.060	0.200	0.025	0.217	0.017
6/29/2002	180	IA01	42.6599	-93.7174	441207	4723296	0.270	0.079	0.096	0.039	0.147	0.031
6/29/2002	180	IA02	42.5872	-93.7058	442086	4715215	0.436	0.170	0.170	0.075	0.173	0.048
6/29/2002	180	IA03	42.5066	-93.7192	440911	4706278	0.440	0.157	0.174	0.069	0.200	0.052
6/29/2002	180	IA04	42.4122	-93.7280	440099	4695803	0.307	-999	0.114	-999	0.155	-999
6/29/2002	180	IA05	42.3417	-93.7287	439977	4687974	0.438	0.056	0.171	0.023	0.199	0.008
6/29/2002	180	IA06	42.2555	-93.6991	442333	4678376	0.197	0.087	0.058	0.046	0.101	0.034
6/29/2002	180	IA07	42.1703	-93.6990	442268	4668920	0.421	0.104	0.164	0.044	0.151	0.025
6/29/2002	180	IA08	42.0920	-93.7004	442082	4660226	0.282	0.019	0.102	0.009	0.136	0.006
6/29/2002	180	IA09	41.9792	-93.6981	442165	4647701	0.569	0.143	0.230	0.062	0.189	0.048
6/29/2002	180	IA10	41.9218	-93.6983	442096	4641330	0.432	0.030	0.168	0.012	0.130	0.011
6/29/2002	180	IA11	41.8490	-93.7196	440263	4633264	0.471	0.034	0.184	0.014	0.175	0.008
6/29/2002	180	IA12	41.7688	-93.6783	443620	4624330	0.407	0.148	0.159	0.064	0.135	0.049
6/29/2002	180	IA13	42.6658	-93.5280	456731	4723842	0.181	0.022	0.051	0.012	0.064	0.013
6/29/2002	180	IA14	42.5924	-93.5458	455217	4715697	0.229	0.022	0.077	0.011	0.085	0.011
6/29/2002	180	IA15	42.5126	-93.5491	454889	4706833	0.417	0.087	0.162	0.036	0.189	0.025
6/29/2002	180	IA16	42.4288	-93.5597	453962	4697543	0.185	0.037	0.052	0.020	0.058	0.016
6/29/2002	180	IA17	42.3546	-93.5652	453455	4689298	0.504	0.138	0.199	0.059	0.182	0.056
6/29/2002	180	IA18	42.2524	-93.5548	454232	4677953	0.402	0.121	0.153	0.053	0.140	0.055
6/29/2002	180	IA19	42.1642	-93.5597	453770	4668159	0.237	0.051	0.080	0.025	0.092	0.022
6/29/2002	180	IA20	42.0928	-93.5354	455722	4660221	0.181	0.097	0.048	0.050	0.069	0.038
6/29/2002	180	IA21	41.9893	-93.5406	455224	4648728	0.220	0.037	0.071	0.019	0.072	0.014
6/29/2002	180	IA22	41.9422	-93.5406	455190	4643504	0.360	0.092	0.137	0.041	0.145	0.028
6/29/2002	180	IA23	41.8494	-93.5609	453441	4633206	0.398	0.057	0.153	0.025	0.131	0.019
6/29/2002	180	IA24	41.7610	-93.5683	452755	4623401	0.619	0.130	0.253	0.060	0.203	0.027
6/29/2002	180	IA25	42.6594	-93.4276	464957	4723079	0.349	0.103	0.132	0.046	0.128	0.048
6/29/2002	180	IA26	42.6006	-93.4200	465544	4716548	0.434	0.083	0.170	0.034	0.166	0.027
6/29/2002	180	IA27	42.5145	-93.4212	465401	4706992	0.339	0.026	0.129	0.013	0.132	0.010
6/29/2002	180	IA28	42.4395	-93.4248	465065	4698667	0.413	0.041	0.161	0.016	0.158	0.014
6/29/2002	180	IA29	42.3410	-93.4243	465049	4687723	0.240	0.085	0.081	0.042	0.077	0.040
6/29/2002	180	IA30	42.2560	-93.4249	464952	4678289	0.387	0.041	0.150	0.017	0.168	0.013
6/29/2002	180	IA31	42.1791	-93.4255	464859	4669750	0.384	0.138	0.144	0.064	0.145	0.049
6/29/2002	180	IA32	42.0929	-93.4258	464789	4660181	0.397	0.063	0.153	0.027	0.148	0.020
6/29/2002	180	IA33	41.9853	-93.4343	464023	4648237	0.314	0.018	0.117	0.008	0.162	0.006
6/29/2002	180	IA34	41.9279	-93.4488	462792	4641865	0.229	0.022	0.077	0.011	0.100	0.010
6/29/2002	180	IA35	41.8343	-93.4089	466048	4631463	0.331	0.052	0.125	0.023	0.127	0.023
6/29/2002	180	IA36	41.7878	-93.3875	467803	4626284	0.234	0.034	0.079	0.016	0.123	0.012
6/29/2002	180	IA38	42.5868	-93.2813	476915	4714967	0.301	0.064	0.111	0.029	0.120	0.019
6/29/2002	180	IA39	42.4956	-93.2951	475752	4704847	0.474	0.051	0.186	0.021	0.174	0.018
6/29/2002	180	IA40	42.4418	-93.2930	475905	4698872	0.254	0.042	0.089	0.021	0.117	0.020
6/29/2002	180	IA41	42.3535	-93.2952	475685	4689064	0.390	0.108	0.149	0.048	0.150	0.032
6/29/2002	180	IA42	42.2605	-93.3113	474321	4678745	0.169	0.032	0.044	0.018	0.038	0.019
6/29/2002	180	IA43	42.1739	-93.2906	476002	4669123	0.563	0.142	0.226	0.062	0.175	0.055
6/29/2002	180	IA44	42.0923	-93.2993	475249	4660063	0.326	0.118	0.120	0.053	0.118	0.039
6/29/2002	180	IA45	42.0024	-93.2904	475955	4650079	0.519	0.129	0.206	0.060	0.229	0.038
6/29/2002	180	IA46	41.9485	-93.2908	475896	4644094	0.359	0.035	0.138	0.015	0.142	0.014
6/29/2002	180	IA47	41.8489	-93.2904	475897	4633042	0.445	0.037	0.173	0.015	0.173	0.012
6/29/2002	180	IA48	41.7837	-93.3041	474733	4625801	0.522	0.041	0.206	0.018	0.220	0.012
6/30/2002	181	IA01	42.6599	-93.7174	441207	4723296	0.320	0.056	0.119	0.025	0.166	0.020
6/30/2002	181	IA02	42.5872	-93.7058	442086	4715215	0.476	0.127	0.187	0.055	0.184	0.036
6/30/2002	181	IA03	42.5066	-93.7192	440911	4706278	0.423	0.109	0.163	0.047	0.192	0.035
6/30/2002	181	IA04	42.4122	-93.7280	440099	4695803	0.281	0.056	0.101	0.028	0.150	0.011
6/30/2002	181	IA05	42.3417	-93.7287	439977	4687974	0.257	0.046	0.090	0.022	0.172	0.007
6/30/2002	181	IA06	42.2555	-93.6991	442333	4678376	0.304	0.246	0.106	0.115	0.137	0.085
6/30/2002	181	IA07	42.1703	-93.6990	442268	4668920	0.369	0.091	0.141	0.039	0.139	0.022
6/30/2002	181	IA08	42.0920	-93.7004	442082	4660226	0.220	0.032	0.072	0.017	0.116	0.011
6/30/2002	181	IA09	41.9792	-93.6981	442165	4647701	0.455	0.139	0.178	0.061	0.150	0.047
6/30/2002	181	IA10	41.9218	-93.6983	442096	4641330	0.397	0.039	0.153	0.017	0.117	0.014
6/30/2002	181	IA11	41.8490	-93.7196	440263	4633264	0.583	0.157	0.236	0.069	0.202	0.038
6/30/2002	181	IA12	41.7688	-93.6783	443620	4624330	0.494	0.155	0.195	0.068	0.163	0.051
6/30/2002	181	IA13	42.6658	-93.5280	456731	4723842	0.156	0.009	0.036	0.005	0.049	0.006
6/30/2002	181	IA14	42.5924	-93.5458	455217	4715697	0.191	0.022	0.056	0.012	0.065	0.011
6/30/2002	181	IA15	42.5126	-93.5491	454889	4706833	0.323	0.157	0.118	0.070	0.159	0.048
6/30/2002	181	IA16	42.4288	-93.5597	453962	4697543	0.369	0.126	0.139	0.058	0.126	0.046
6/30/2002	181	IA17	42.3546	-93.5652	453455	4689298	0.369	0.070	0.142	0.029	0.127	0.028
6/30/2002	181	IA18	42.2524	-93.5548	454232	4677953	0.349	0.111	0.132	0.048	0.118	0.049
6/30/2002	181	IA19	42.1642	-93.5597	453770	4668159	0.236	0.057	0.079	0.029	0.092	0.025
6/30/2002	181	IA20	42.0928	-93.5354	455722	4660221	0.454	0.115	0.178	0.050	0.168	0.038
6/30/2002	181	IA21	41.9893	-93.5406	455224	4648728	0.251	0.049	0.086	0.023	0.083	0.018
6/30/2002	181	IA22	41.9422	-93.5406	455190	4643504	0.372	0.114	0.141	0.053	0.148	0.036
6/30/2002	181	IA23	41.8494	-93.5609	453441	4633206	0.326	0.011	0.123	0.005	0.107	0.004
6/30/2002	181	IA24	41.7610	-93.5683	452755	4623401	0.617	0.081	0.251	0.038	0.201	0.016
6/30/2002	181	IA25	42.6594	-93.4276	464957	4723079	0.357	0.059	0.136	0.025	0.132	0.026
6/30/2002	181	IA26	42.6006	-93.4200	465544	4716548	0.413	0.107	0.159	0.047	0.158	0.036
6/30/2002	181	IA27	42.5145	-93.4212	465401	4706992	0.243	0.030	0.084	0.014	0.095	0.012
6/30/2002	181	IA28	42.4395	-93.4248	465065	4698667	0.533	0.169	0.213	0.077	0.201	0.062
6/30/2002	181	IA29	42.3410	-93.4243	465049	4687723	0.271	0.069	0.097	0.033	0.092	0.031
6/30/2002	181	IA30	42.2560	-93.4249	464952	4678289	0.483	0.058	0.190	0.024	0.198	0.018
6/30/2002	181	IA31	42.1791	-93.4255	464859	4669750	0.495	0.061	0.194	0.026	0.183	0.020
6/30/2002	181	IA32	42.0929	-93.4258	464789	4660181	0.463	0.072	0.181	0.030	0.169	0.022
6/30/2002	181	IA33	41.9853	-93.4343	464023	4648237	0.360	0.093	0.137	0.040	0.177	0.030
6/30/2002	181	IA34	41.9279	-93.4488	462792	4641865	0.268	0.037	0.096	0.018	0.116	0.014
6/30/2002	181	IA35	41.8343	-93.4089	466048	4631463	0.464	0.154	0.183	0.069	0.185	0.068
6/30/2002	181	IA36	41.7878	-93.3875	467803	4626284	0.269	0.099	0.094	0.048	0.134	0.033
6/30/2002	181	IA38	42.5868	-93.2813	476915	4714967	0.218	0.034	0.071	0.017	0.093	0.011
6/30/2002	181	IA39	42.4956	-93.2951	475752	4704847	0.387	0.121	0.149	0.052	0.143	0.044
6/30/2002	181	IA40	42.4418	-93.2930	475905	4698872	0.266	0.023	0.095	0.011	0.122	0.011
6/30/2002	181	IA41	42.3535	-93.2952	475685	4689064	0.484	0.075	0.190	0.031	0.178	0.021
6/30/2002	181	IA42	42.2605	-93.3113	474321	4678745	0.200	0.038	0.060	0.020	0.056	0.021
6/30/2002	181	IA43	42.1739	-93.2906	476002	4669123	0.471	0.109	0.184	0.047	0.139	0.042
6/30/2002	181	IA44	42.0923	-93.2993	475249	4660063	0.400	0.071	0.155	0.029	0.143	0.022
6/30/2002	181	IA45	42.0024	-93.2904	475955	4650079	0.418	0.086	0.163	0.036	0.201	0.023
6/30/2002	181	IA46	41.9485	-93.2908	475896	4644094	0.337	0.052	0.128	0.024	0.133	0.022
6/30/2002	181	IA47	41.8489	-93.2904	475897	4633042	0.422	0.007	0.164	0.003	0.165	0.002
6/30/2002	181	IA48	41.7837	-93.3041	474733	4625801	0.490	0.095	0.193	0.042	0.212	0.028
7/1/2002	182	IA01	42.6599	-93.7174	441207	4723296	0.211	0.042	0.067	0.022	0.124	0.017
7/1/2002	182	IA02	42.5872	-93.7058	442086	4715215	0.351	0.051	0.134	0.023	0.149	0.015
7/1/2002	182	IA03	42.5066	-93.7192	440911	4706278	0.388	0.248	0.150	0.115	0.181	0.086
7/1/2002	182	IA04	42.4122	-93.7280	440099	4695803	0.281	-999	0.097	-999	0.148	-999
7/1/2002	182	IA05	42.3417	-93.7287	439977	4687974	0.356	0.076	0.135	0.034	0.187	0.011
7/1/2002	182	IA06	42.2555	-93.6991	442333	4678376	0.132	0.015	0.023	0.009	0.075	0.007
7/1/2002	182	IA07	42.1703	-93.6990	442268	4668920	0.200	0.036	0.060	0.020	0.094	0.010
7/1/2002	182	IA08	42.0920	-93.7004	442082	4660226	0.164	0.024	0.041	0.013	0.097	0.008
7/1/2002	182	IA09	41.9792	-93.6981	442165	4647701	0.593	0.041	0.238	0.018	0.196	0.014
7/1/2002	182	IA10	41.9218	-93.6983	442096	4641330	0.557	0.013	0.221	0.006	0.176	0.005
7/1/2002	182	IA11	41.8490	-93.7196	440263	4633264	0.646	0.011	0.262	0.006	0.218	0.003
7/1/2002	182	IA12	41.7688	-93.6783	443620	4624330	0.444	0.111	0.174	0.048	0.146	0.036
7/1/2002	182	IA13	42.6658	-93.5280	456731	4723842	0.155	0.012	0.036	0.007	0.048	0.007
7/1/2002	182	IA14	42.5924	-93.5458	455217	4715697	0.169	0.043	0.044	0.024	0.053	0.022
7/1/2002	182	IA15	42.5126	-93.5491	454889	4706833	0.348	0.194	0.127	0.088	0.166	0.060
7/1/2002	182	IA16	42.4288	-93.5597	453962	4697543	0.361	0.108	0.137	0.048	0.124	0.039
7/1/2002	182	IA17	42.3546	-93.5652	453455	4689298	0.406	0.055	0.157	0.023	0.142	0.022
7/1/2002	182	IA18	42.2524	-93.5548	454232	4677953	0.275	0.070	0.098	0.036	0.083	0.036
7/1/2002	182	IA19	42.1642	-93.5597	453770	4668159	0.159	0.041	0.038	0.023	0.056	0.020
7/1/2002	182	IA20	42.0928	-93.5354	455722	4660221	0.207	0.030	0.065	0.015	0.082	0.012
7/1/2002	182	IA21	41.9893	-93.5406	455224	4648728	0.211	0.066	0.065	0.034	0.067	0.026
7/1/2002	182	IA22	41.9422	-93.5406	455190	4643504	0.247	0.077	0.083	0.040	0.109	0.027
7/1/2002	182	IA23	41.8494	-93.5609	453441	4633206	0.319	0.082	0.119	0.036	0.104	0.029
7/1/2002	182	IA24	41.7610	-93.5683	452755	4623401	0.606	0.054	0.245	0.025	0.199	0.011
7/1/2002	182	IA25	42.6594	-93.4276	464957	4723079	0.355	0.083	0.135	0.037	0.131	0.038
7/1/2002	182	IA26	42.6006	-93.4200	465544	4716548	0.512	0.050	0.201	0.022	0.191	0.016
7/1/2002	182	IA27	42.5145	-93.4212	465401	4706992	0.240	0.034	0.082	0.016	0.094	0.014
7/1/2002	182	IA28	42.4395	-93.4248	465065	4698667	0.445	0.165	0.177	0.073	0.170	0.060
7/1/2002	182	IA29	42.3410	-93.4243	465049	4687723	0.252	0.040	0.088	0.019	0.084	0.018
7/1/2002	182	IA30	42.2560	-93.4249	464952	4678289	0.473	0.126	0.186	0.054	0.194	0.041
7/1/2002	182	IA31	42.1791	-93.4255	464859	4669750	0.680	0.085	0.282	0.042	0.248	0.031
7/1/2002	182	IA32	42.0929	-93.4258	464789	4660181	0.369	0.062	0.142	0.026	0.139	0.020
7/1/2002	182	IA33	41.9853	-93.4343	464023	4648237	0.249	0.019	0.087	0.009	0.140	0.007
7/1/2002	182	IA34	41.9279	-93.4488	462792	4641865	0.225	0.085	0.073	0.042	0.097	0.034
7/1/2002	182	IA35	41.8343	-93.4089	466048	4631463	0.298	0.086	0.109	0.041	0.112	0.040
7/1/2002	182	IA36	41.7878	-93.3875	467803	4626284	0.249	0.057	0.085	0.030	0.127	0.021
7/1/2002	182	IA38	42.5868	-93.2813	476915	4714967	0.281	0.010	0.101	0.004	0.114	0.003
7/1/2002	182	IA39	42.4956	-93.2951	475752	4704847	0.345	0.110	0.129	0.047	0.127	0.040
7/1/2002	182	IA40	42.4418	-93.2930	475905	4698872	0.234	0.059	0.078	0.030	0.107	0.028
7/1/2002	182	IA41	42.3535	-93.2952	475685	4689064	0.394	0.076	0.152	0.033	0.152	0.022
7/1/2002	182	IA42	42.2605	-93.3113	474321	4678745	0.141	0.017	0.028	0.010	0.022	0.011
7/1/2002	182	IA43	42.1739	-93.2906	476002	4669123	0.429	0.099	0.166	0.042	0.123	0.038
7/1/2002	182	IA44	42.0923	-93.2993	475249	4660063	0.256	0.131	0.087	0.062	0.093	0.045
7/1/2002	182	IA45	42.0024	-93.2904	475955	4650079	0.335	0.005	0.127	0.002	0.178	0.001
7/1/2002	182	IA46	41.9485	-93.2908	475896	4644094	0.361	0.040	0.139	0.017	0.142	0.016
7/1/2002	182	IA47	41.8489	-93.2904	475897	4633042	0.405	0.045	0.157	0.018	0.159	0.015
7/1/2002	182	IA48	41.7837	-93.3041	474733	4625801	0.234	0.043	0.079	0.021	0.133	0.015
7/2/2002	183	IA01	42.6599	-93.7174	441207	4723296	0.197	0.080	0.057	0.043	0.116	0.034
7/2/2002	183	IA02	42.5872	-93.7058	442086	4715215	0.332	0.018	0.126	0.008	0.144	0.005
7/2/2002	183	IA03	42.5066	-93.7192	440911	4706278	0.243	0.052	0.082	0.026	0.132	0.019
7/2/2002	183	IA04	42.4122	-93.7280	440099	4695803	0.209	-999	0.071	-999	0.138	-999
7/2/2002	183	IA05	42.3417	-93.7287	439977	4687974	0.292	0.036	0.107	0.017	0.178	0.005
7/2/2002	183	IA06	42.2555	-93.6991	442333	4678376	0.251	0.036	0.088	0.017	0.123	0.013
7/2/2002	183	IA07	42.1703	-93.6990	442268	4668920	0.234	0.015	0.079	0.007	0.104	0.004
7/2/2002	183	IA08	42.0920	-93.7004	442082	4660226	0.131	0.026	0.022	0.015	0.085	0.010
7/2/2002	183	IA09	41.9792	-93.6981	442165	4647701	0.420	0.081	0.163	0.034	0.138	0.027
7/2/2002	183	IA10	41.9218	-93.6983	442096	4641330	0.456	0.086	0.178	0.037	0.139	0.032
7/2/2002	183	IA11	41.8490	-93.7196	440263	4633264	0.616	0.251	0.254	0.114	0.213	0.064
7/2/2002	183	IA12	41.7688	-93.6783	443620	4624330	-999	-999	-999	-999	-999	-999
7/2/2002	183	IA13	42.6658	-93.5280	456731	4723842	0.172	0.049	0.045	0.028	0.058	0.029
7/2/2002	183	IA14	42.5924	-93.5458	455217	4715697	0.162	0.010	0.040	0.006	0.050	0.006
7/2/2002	183	IA15	42.5126	-93.5491	454889	4706833	0.366	0.050	0.140	0.021	0.174	0.014
7/2/2002	183	IA16	42.4288	-93.5597	453962	4697543	0.304	0.070	0.112	0.033	0.105	0.025
7/2/2002	183	IA17	42.3546	-93.5652	453455	4689298	0.325	0.057	0.122	0.027	0.108	0.024
7/2/2002	183	IA18	42.2524	-93.5548	454232	4677953	0.392	0.053	0.151	0.022	0.137	0.023
7/2/2002	183	IA19	42.1642	-93.5597	453770	4668159	0.179	0.051	0.049	0.027	0.065	0.024
7/2/2002	183	IA20	42.0928	-93.5354	455722	4660221	0.264	0.016	0.093	0.008	0.103	0.006
7/2/2002	183	IA21	41.9893	-93.5406	455224	4648728	-999	-999	-999	-999	-999	-999
7/2/2002	183	IA22	41.9422	-93.5406	455190	4643504	-999	-999	-999	-999	-999	-999
7/2/2002	183	IA23	41.8494	-93.5609	453441	4633206	-999	-999	-999	-999	-999	-999
7/2/2002	183	IA24	41.7610	-93.5683	452755	4623401	0.475	0.087	0.187	0.037	0.173	0.016
7/2/2002	183	IA25	42.6594	-93.4276	464957	4723079	0.352	0.062	0.134	0.028	0.130	0.028
7/2/2002	183	IA26	42.6006	-93.4200	465544	4716548	0.355	0.080	0.135	0.035	0.140	0.027
7/2/2002	183	IA27	42.5145	-93.4212	465401	4706992	0.320	0.028	0.120	0.013	0.124	0.010
7/2/2002	183	IA28	42.4395	-93.4248	465065	4698667	0.392	0.237	0.152	0.110	0.151	0.089
7/2/2002	183	IA29	42.3410	-93.4243	465049	4687723	0.236	0.052	0.080	0.025	0.076	0.024
7/2/2002	183	IA30	42.2560	-93.4249	464952	4678289	0.383	0.113	0.147	0.049	0.166	0.036
7/2/2002	183	IA31	42.1791	-93.4255	464859	4669750	0.501	0.130	0.199	0.058	0.186	0.044
7/2/2002	183	IA32	42.0929	-93.4258	464789	4660181	0.315	0.140	0.115	0.062	0.120	0.046
7/2/2002	183	IA33	41.9853	-93.4343	464023	4648237	0.283	0.037	0.103	0.018	0.152	0.013
7/2/2002	183	IA34	41.9279	-93.4488	462792	4641865	0.212	0.016	0.068	0.009	0.093	0.007
7/2/2002	183	IA35	41.8343	-93.4089	466048	4631463	0.560	0.116	0.224	0.050	0.226	0.050
7/2/2002	183	IA36	41.7878	-93.3875	467803	4626284	0.340	0.076	0.128	0.035	0.157	0.024
7/2/2002	183	IA38	42.5868	-93.2813	476915	4714967	0.233	0.032	0.078	0.016	0.098	0.011
7/2/2002	183	IA39	42.4956	-93.2951	475752	4704847	0.399	0.035	0.154	0.014	0.147	0.013
7/2/2002	183	IA40	42.4418	-93.2930	475905	4698872	0.205	0.016	0.064	0.009	0.094	0.008
7/2/2002	183	IA41	42.3535	-93.2952	475685	4689064	0.448	0.069	0.174	0.028	0.167	0.019
7/2/2002	183	IA42	42.2605	-93.3113	474321	4678745	0.180	0.008	0.050	0.005	0.045	0.005
7/2/2002	183	IA43	42.1739	-93.2906	476002	4669123	0.505	0.049	0.199	0.021	0.152	0.018
7/2/2002	183	IA44	42.0923	-93.2993	475249	4660063	0.235	0.042	0.079	0.021	0.088	0.015
7/2/2002	183	IA45	42.0024	-93.2904	475955	4650079	0.390	0.055	0.151	0.022	0.193	0.015
7/2/2002	183	IA46	41.9485	-93.2908	475896	4644094	0.215	0.057	0.068	0.029	0.079	0.026
7/2/2002	183	IA47	41.8489	-93.2904	475897	4633042	0.295	0.049	0.108	0.023	0.121	0.017
7/2/2002	183	IA48	41.7837	-93.3041	474733	4625801	0.330	0.148	0.122	0.066	0.163	0.045
7/4/2002	185	IA01	42.6599	-93.7174	441207	4723296	0.173	0.013	0.046	0.008	0.107	0.006
7/4/2002	185	IA02	42.5872	-93.7058	442086	4715215	-999	-999	-999	-999	-999	-999
7/4/2002	185	IA03	42.5066	-93.7192	440911	4706278	0.198	0.015	0.060	0.009	0.115	0.006
7/4/2002	185	IA04	42.4122	-93.7280	440099	4695803	0.320	-999	0.118	-999	0.157	-999
7/4/2002	185	IA05	42.3417	-93.7287	439977	4687974	0.247	0.055	0.085	0.027	0.171	0.009
7/4/2002	185	IA06	42.2555	-93.6991	442333	4678376	0.197	0.116	0.056	0.059	0.099	0.044
7/4/2002	185	IA07	42.1703	-93.6990	442268	4668920	0.209	0.024	0.066	0.013	0.097	0.007
7/4/2002	185	IA08	42.0920	-93.7004	442082	4660226	0.343	0.067	0.130	0.030	0.154	0.019
7/4/2002	185	IA09	41.9792	-93.6981	442165	4647701	0.448	0.077	0.174	0.032	0.148	0.026
7/4/2002	185	IA10	41.9218	-93.6983	442096	4641330	0.404	0.047	0.156	0.018	0.119	0.017
7/4/2002	185	IA11	41.8490	-93.7196	440263	4633264	0.464	0.078	0.182	0.032	0.172	0.018
7/4/2002	185	IA12	41.7688	-93.6783	443620	4624330	0.443	0.107	0.173	0.046	0.146	0.035
7/4/2002	185	IA13	42.6658	-93.5280	456731	4723842	0.542	0.024	0.214	0.011	0.240	0.011
7/4/2002	185	IA14	42.5924	-93.5458	455217	4715697	0.180	0.014	0.050	0.008	0.060	0.008
7/4/2002	185	IA15	42.5126	-93.5491	454889	4706833	0.507	0.160	0.200	0.070	0.215	0.048
7/4/2002	185	IA16	42.4288	-93.5597	453962	4697543	0.279	0.067	0.100	0.034	0.096	0.026
7/4/2002	185	IA17	42.3546	-93.5652	453455	4689298	0.391	0.064	0.150	0.028	0.136	0.026
7/4/2002	185	IA18	42.2524	-93.5548	454232	4677953	0.556	0.065	0.221	0.030	0.209	0.030
7/4/2002	185	IA19	42.1642	-93.5597	453770	4668159	0.153	0.039	0.034	0.022	0.052	0.020
7/4/2002	185	IA20	42.0928	-93.5354	455722	4660221	0.192	0.033	0.056	0.018	0.075	0.013
7/4/2002	185	IA21	41.9893	-93.5406	455224	4648728	0.302	0.093	0.110	0.046	0.101	0.034
7/4/2002	185	IA22	41.9422	-93.5406	455190	4643504	0.310	0.115	0.113	0.053	0.129	0.036
7/4/2002	185	IA23	41.8494	-93.5609	453441	4633206	0.245	0.094	0.083	0.044	0.076	0.034
7/4/2002	185	IA24	41.7610	-93.5683	452755	4623401	0.622	0.047	0.252	0.022	0.202	0.010
7/4/2002	185	IA25	42.6594	-93.4276	464957	4723079	0.231	0.043	0.078	0.021	0.072	0.022
7/4/2002	185	IA26	42.6006	-93.4200	465544	4716548	0.443	0.145	0.171	0.064	0.168	0.050
7/4/2002	185	IA27	42.5145	-93.4212	465401	4706992	0.397	0.106	0.152	0.047	0.151	0.039
7/4/2002	185	IA28	42.4395	-93.4248	465065	4698667	0.568	0.111	0.229	0.054	0.213	0.043
7/4/2002	185	IA29	42.3410	-93.4243	465049	4687723	0.568	0.154	0.231	0.077	0.223	0.073
7/4/2002	185	IA30	42.2560	-93.4249	464952	4678289	0.335	0.017	0.127	0.008	0.150	0.006
7/4/2002	185	IA31	42.1791	-93.4255	464859	4669750	0.477	0.136	0.187	0.059	0.177	0.045
7/4/2002	185	IA32	42.0929	-93.4258	464789	4660181	0.258	0.070	0.091	0.033	0.101	0.024
7/4/2002	185	IA33	41.9853	-93.4343	464023	4648237	0.422	0.092	0.163	0.040	0.197	0.030
7/4/2002	185	IA34	41.9279	-93.4488	462792	4641865	0.223	0.013	0.074	0.008	0.098	0.006
7/4/2002	185	IA35	41.8343	-93.4089	466048	4631463	0.557	0.143	0.224	0.062	0.225	0.062
7/4/2002	185	IA36	41.7878	-93.3875	467803	4626284	0.213	0.058	0.067	0.030	0.115	0.021
7/4/2002	185	IA38	42.5868	-93.2813	476915	4714967	0.256	0.128	0.086	0.062	0.103	0.042
7/4/2002	185	IA39	42.4956	-93.2951	475752	4704847	0.431	0.068	0.167	0.028	0.158	0.024
7/4/2002	185	IA40	42.4418	-93.2930	475905	4698872	0.273	0.030	0.098	0.014	0.126	0.014
7/4/2002	185	IA41	42.3535	-93.2952	475685	4689064	0.266	0.073	0.094	0.034	0.114	0.022
7/4/2002	185	IA42	42.2605	-93.3113	474321	4678745	0.186	0.011	0.054	0.007	0.049	0.007
7/4/2002	185	IA43	42.1739	-93.2906	476002	4669123	0.418	0.087	0.161	0.037	0.118	0.033
7/4/2002	185	IA44	42.0923	-93.2993	475249	4660063	0.259	0.027	0.091	0.013	0.097	0.010
7/4/2002	185	IA45	42.0024	-93.2904	475955	4650079	0.364	0.085	0.139	0.036	0.186	0.023
7/4/2002	185	IA46	41.9485	-93.2908	475896	4644094	0.396	0.102	0.152	0.045	0.155	0.041
7/4/2002	185	IA47	41.8489	-93.2904	475897	4633042	0.410	0.065	0.159	0.027	0.161	0.022
7/4/2002	185	IA48	41.7837	-93.3041	474733	4625801	0.321	0.081	0.120	0.037	0.161	0.025
7/5/2002	186	IA01	42.6599	-93.7174	441207	4723296	0.327	0.043	0.124	0.020	0.169	0.016
7/5/2002	186	IA02	42.5872	-93.7058	442086	4715215	0.642	0.072	0.262	0.036	0.233	0.023
7/5/2002	186	IA03	42.5066	-93.7192	440911	4706278	0.771	0.018	0.331	0.010	0.316	0.008
7/5/2002	186	IA04	42.4122	-93.7280	440099	4695803	0.550	0.030	0.218	0.014	0.199	0.005
7/5/2002	186	IA05	42.3417	-93.7287	439977	4687974	0.272	0.041	0.097	0.020	0.175	0.007
7/5/2002	186	IA06	42.2555	-93.6991	442333	4678376	0.554	0.025	0.220	0.011	0.222	0.008
7/5/2002	186	IA07	42.1703	-93.6990	442268	4668920	0.336	0.024	0.127	0.011	0.131	0.006
7/5/2002	186	IA08	42.0920	-93.7004	442082	4660226	0.676	0.023	0.278	0.012	0.250	0.008
7/5/2002	186	IA09	41.9792	-93.6981	442165	4647701	0.832	0.023	0.368	0.014	0.297	0.011
7/5/2002	186	IA10	41.9218	-93.6983	442096	4641330	0.657	0.029	0.268	0.014	0.217	0.012
7/5/2002	186	IA11	41.8490	-93.7196	440263	4633264	0.384	0.030	0.148	0.013	0.154	0.007
7/5/2002	186	IA12	41.7688	-93.6783	443620	4624330	0.688	0.055	0.286	0.029	0.231	0.021
7/5/2002	186	IA13	42.6658	-93.5280	456731	4723842	0.524	0.096	0.208	0.042	0.233	0.045
7/5/2002	186	IA14	42.5924	-93.5458	455217	4715697	0.193	0.024	0.057	0.014	0.066	0.012
7/5/2002	186	IA15	42.5126	-93.5491	454889	4706833	0.497	0.045	0.195	0.020	0.212	0.013
7/5/2002	186	IA16	42.4288	-93.5597	453962	4697543	0.513	0.082	0.202	0.034	0.177	0.028
7/5/2002	186	IA17	42.3546	-93.5652	453455	4689298	0.700	0.041	0.291	0.022	0.267	0.020
7/5/2002	186	IA18	42.2524	-93.5548	454232	4677953	0.599	0.011	0.240	0.006	0.227	0.005
7/5/2002	186	IA19	42.1642	-93.5597	453770	4668159	0.719	0.062	0.303	0.033	0.287	0.028
7/5/2002	186	IA20	42.0928	-93.5354	455722	4660221	0.464	0.090	0.182	0.039	0.172	0.030
7/5/2002	186	IA21	41.9893	-93.5406	455224	4648728	0.179	0.034	0.049	0.020	0.055	0.015
7/5/2002	186	IA22	41.9422	-93.5406	455190	4643504	0.349	0.120	0.131	0.054	0.141	0.037
7/5/2002	186	IA23	41.8494	-93.5609	453441	4633206	0.299	0.092	0.109	0.041	0.097	0.032
7/5/2002	186	IA24	41.7610	-93.5683	452755	4623401	0.285	0.142	0.101	0.040	0.098	0.046
7/5/2002	186	IA25	42.6594	-93.4276	464957	4723079	0.318	0.064	0.120	0.030	0.114	0.031
7/5/2002	186	IA26	42.6006	-93.4200	465544	4716548	0.461	0.150	0.181	0.064	0.175	0.050
7/5/2002	186	IA27	42.5145	-93.4212	465401	4706992	0.436	0.138	0.171	0.060	0.166	0.049
7/5/2002	186	IA28	42.4395	-93.4248	465065	4698667	0.814	0.065	0.358	0.039	0.319	0.033
7/5/2002	186	IA29	42.3410	-93.4243	465049	4687723	0.693	0.033	0.287	0.018	0.275	0.017
7/5/2002	186	IA30	42.2560	-93.4249	464952	4678289	0.718	0.098	0.303	0.056	0.282	0.042
7/5/2002	186	IA31	42.1791	-93.4255	464859	4669750	0.705	0.045	0.294	0.026	0.257	0.019
7/5/2002	186	IA32	42.0929	-93.4258	464789	4660181	0.434	0.156	0.172	0.068	0.161	0.051
7/5/2002	186	IA33	41.9853	-93.4343	464023	4648237	0.436	0.040	0.169	0.016	0.202	0.013
7/5/2002	186	IA34	41.9279	-93.4488	462792	4641865	0.218	0.028	0.070	0.014	0.096	0.012
7/5/2002	186	IA35	41.8343	-93.4089	466048	4631463	0.424	0.082	0.166	0.034	0.168	0.035
7/5/2002	186	IA36	41.7878	-93.3875	467803	4626284	0.335	0.032	0.127	0.014	0.156	0.010
7/5/2002	186	IA38	42.5868	-93.2813	476915	4714967	0.355	0.177	0.133	0.078	0.135	0.053
7/5/2002	186	IA39	42.4956	-93.2951	475752	4704847	0.513	0.059	0.202	0.025	0.188	0.021
7/5/2002	186	IA40	42.4418	-93.2930	475905	4698872	0.430	0.056	0.168	0.023	0.191	0.022
7/5/2002	186	IA41	42.3535	-93.2952	475685	4689064	0.440	0.111	0.172	0.047	0.165	0.031
7/5/2002	186	IA42	42.2605	-93.3113	474321	4678745	0.512	0.016	0.202	0.007	0.204	0.007
7/5/2002	186	IA43	42.1739	-93.2906	476002	4669123	0.679	0.025	0.279	0.012	0.223	0.011
7/5/2002	186	IA44	42.0923	-93.2993	475249	4660063	0.272	0.039	0.097	0.019	0.101	0.014
7/5/2002	186	IA45	42.0024	-93.2904	475955	4650079	0.302	0.074	0.111	0.036	0.168	0.022
7/5/2002	186	IA46	41.9485	-93.2908	475896	4644094	0.287	0.054	0.105	0.026	0.111	0.023
7/5/2002	186	IA47	41.8489	-93.2904	475897	4633042	0.324	0.027	0.122	0.013	0.132	0.009
7/5/2002	186	IA48	41.7837	-93.3041	474733	4625801	0.345	0.046	0.132	0.021	0.169	0.014
7/6/2002	187	IA01	42.6599	-93.7174	441207	4723296	0.264	0.114	0.091	0.053	0.143	0.042
7/6/2002	187	IA02	42.5872	-93.7058	442086	4715215	0.592	0.067	0.238	0.032	0.217	0.020
7/6/2002	187	IA03	42.5066	-93.7192	440911	4706278	0.665	0.051	0.274	0.027	0.274	0.019
7/6/2002	187	IA04	42.4122	-93.7280	440099	4695803	0.285	0.088	0.102	0.042	0.150	0.017
7/6/2002	187	IA05	42.3417	-93.7287	439977	4687974	0.432	0.055	0.168	0.022	0.198	0.007
7/6/2002	187	IA06	42.2555	-93.6991	442333	4678376	0.391	0.049	0.151	0.020	0.170	0.016
7/6/2002	187	IA07	42.1703	-93.6990	442268	4668920	0.308	0.032	0.115	0.015	0.124	0.008
7/6/2002	187	IA08	42.0920	-93.7004	442082	4660226	0.679	0.064	0.281	0.034	0.251	0.022
7/6/2002	187	IA09	41.9792	-93.6981	442165	4647701	0.783	0.054	0.338	0.032	0.274	0.026
7/6/2002	187	IA10	41.9218	-93.6983	442096	4641330	0.584	0.028	0.234	0.013	0.187	0.011
7/6/2002	187	IA11	41.8490	-93.7196	440263	4633264	0.727	0.065	0.306	0.037	0.242	0.021
7/6/2002	187	IA12	41.7688	-93.6783	443620	4624330	0.705	0.043	0.294	0.023	0.238	0.017
7/6/2002	187	IA13	42.6658	-93.5280	456731	4723842	0.385	0.055	0.148	0.022	0.168	0.025
7/6/2002	187	IA14	42.5924	-93.5458	455217	4715697	0.174	0.015	0.047	0.008	0.057	0.008
7/6/2002	187	IA15	42.5126	-93.5491	454889	4706833	0.423	0.083	0.165	0.034	0.191	0.024
7/6/2002	187	IA16	42.4288	-93.5597	453962	4697543	0.509	0.120	0.202	0.054	0.177	0.042
7/6/2002	187	IA17	42.3546	-93.5652	453455	4689298	0.682	0.022	0.281	0.012	0.258	0.011
7/6/2002	187	IA18	42.2524	-93.5548	454232	4677953	0.713	0.041	0.297	0.023	0.285	0.023
7/6/2002	187	IA19	42.1642	-93.5597	453770	4668159	0.475	0.053	0.186	0.022	0.187	0.020
7/6/2002	187	IA20	42.0928	-93.5354	455722	4660221	0.223	0.021	0.074	0.011	0.088	0.008
7/6/2002	187	IA21	41.9893	-93.5406	455224	4648728	0.562	0.031	0.223	0.013	0.188	0.010
7/6/2002	187	IA22	41.9422	-93.5406	455190	4643504	0.392	0.097	0.150	0.041	0.154	0.028
7/6/2002	187	IA23	41.8494	-93.5609	453441	4633206	0.411	0.133	0.161	0.057	0.136	0.045
7/6/2002	187	IA24	41.7610	-93.5683	452755	4623401	0.578	0.106	0.233	0.052	0.194	0.022
7/6/2002	187	IA25	42.6594	-93.4276	464957	4723079	0.307	0.045	0.114	0.021	0.110	0.022
7/6/2002	187	IA26	42.6006	-93.4200	465544	4716548	0.348	0.081	0.131	0.035	0.137	0.027
7/6/2002	187	IA27	42.5145	-93.4212	465401	4706992	0.402	0.106	0.156	0.045	0.154	0.037
7/6/2002	187	IA28	42.4395	-93.4248	465065	4698667	0.708	0.041	0.296	0.022	0.267	0.018
7/6/2002	187	IA29	42.3410	-93.4243	465049	4687723	0.591	0.074	0.237	0.035	0.229	0.033
7/6/2002	187	IA30	42.2560	-93.4249	464952	4678289	0.722	0.051	0.304	0.028	0.282	0.021
7/6/2002	187	IA31	42.1791	-93.4255	464859	4669750	0.584	0.098	0.235	0.046	0.213	0.034
7/6/2002	187	IA32	42.0929	-93.4258	464789	4660181	0.522	0.141	0.209	0.062	0.189	0.046
7/6/2002	187	IA33	41.9853	-93.4343	464023	4648237	0.342	0.123	0.128	0.053	0.171	0.040
7/6/2002	187	IA34	41.9279	-93.4488	462792	4641865	0.280	0.027	0.101	0.013	0.121	0.011
7/6/2002	187	IA35	41.8343	-93.4089	466048	4631463	0.527	0.028	0.208	0.012	0.211	0.012
7/6/2002	187	IA36	41.7878	-93.3875	467803	4626284	0.256	0.033	0.090	0.016	0.131	0.011
7/6/2002	187	IA38	42.5868	-93.2813	476915	4714967	0.302	0.135	0.109	0.060	0.119	0.041
7/6/2002	187	IA39	42.4956	-93.2951	475752	4704847	0.516	0.049	0.203	0.021	0.189	0.018
7/6/2002	187	IA40	42.4418	-93.2930	475905	4698872	0.306	0.075	0.112	0.034	0.139	0.031
7/6/2002	187	IA41	42.3535	-93.2952	475685	4689064	0.602	0.161	0.247	0.082	0.215	0.053
7/6/2002	187	IA42	42.2605	-93.3113	474321	4678745	0.345	0.049	0.131	0.022	0.129	0.023
7/6/2002	187	IA43	42.1739	-93.2906	476002	4669123	0.663	0.035	0.272	0.017	0.215	0.015
7/6/2002	187	IA44	42.0923	-93.2993	475249	4660063	0.376	0.021	0.146	0.009	0.136	0.007
7/6/2002	187	IA45	42.0024	-93.2904	475955	4650079	0.441	0.024	0.171	0.009	0.207	0.006
7/6/2002	187	IA46	41.9485	-93.2908	475896	4644094	0.644	0.051	0.262	0.025	0.255	0.022
7/6/2002	187	IA47	41.8489	-93.2904	475897	4633042	0.272	0.044	0.098	0.021	0.113	0.016
7/6/2002	187	IA48	41.7837	-93.3041	474733	4625801	0.364	0.030	0.140	0.014	0.175	0.009
7/7/2002	188	IA01	42.6599	-93.7174	441207	4723296	0.209	0.024	0.066	0.014	0.123	0.010
7/7/2002	188	IA02	42.5872	-93.7058	442086	4715215	0.576	0.117	0.231	0.054	0.213	0.035
7/7/2002	188	IA03	42.5066	-93.7192	440911	4706278	0.660	0.110	0.273	0.059	0.275	0.043
7/7/2002	188	IA04	42.4122	-93.7280	440099	4695803	0.716	0.134	0.304	0.068	0.234	0.028
7/7/2002	188	IA05	42.3417	-93.7287	439977	4687974	0.427	0.125	0.165	0.053	0.197	0.018
7/7/2002	188	IA06	42.2555	-93.6991	442333	4678376	0.800	0.041	0.349	0.025	0.318	0.020
7/7/2002	188	IA07	42.1703	-93.6990	442268	4668920	0.429	0.103	0.168	0.043	0.153	0.025
7/7/2002	188	IA08	42.0920	-93.7004	442082	4660226	0.744	0.056	0.316	0.032	0.274	0.021
7/7/2002	188	IA09	41.9792	-93.6981	442165	4647701	0.809	0.026	0.354	0.015	0.285	0.013
7/7/2002	188	IA10	41.9218	-93.6983	442096	4641330	0.820	0.018	0.361	0.011	0.296	0.010
7/7/2002	188	IA11	41.8490	-93.7196	440263	4633264	0.834	0.016	0.369	0.010	0.277	0.006
7/7/2002	188	IA12	41.7688	-93.6783	443620	4624330	0.645	0.088	0.263	0.042	0.215	0.031
7/7/2002	188	IA13	42.6658	-93.5280	456731	4723842	0.425	0.078	0.166	0.032	0.187	0.036
7/7/2002	188	IA14	42.5924	-93.5458	455217	4715697	0.193	0.041	0.057	0.023	0.066	0.021
7/7/2002	188	IA15	42.5126	-93.5491	454889	4706833	0.791	0.048	0.344	0.028	0.311	0.019
7/7/2002	188	IA16	42.4288	-93.5597	453962	4697543	0.711	0.102	0.300	0.052	0.253	0.041
7/7/2002	188	IA17	42.3546	-93.5652	453455	4689298	0.793	0.035	0.344	0.021	0.317	0.021
7/7/2002	188	IA18	42.2524	-93.5548	454232	4677953	0.710	0.105	0.299	0.056	0.286	0.055
7/7/2002	188	IA19	42.1642	-93.5597	453770	4668159	0.734	0.033	0.310	0.018	0.294	0.016
7/7/2002	188	IA20	42.0928	-93.5354	455722	4660221	0.680	0.052	0.281	0.026	0.247	0.020
7/7/2002	188	IA21	41.9893	-93.5406	455224	4648728	0.575	0.008	0.229	0.004	0.192	0.002
7/7/2002	188	IA22	41.9422	-93.5406	455190	4643504	0.424	0.138	0.165	0.060	0.164	0.040
7/7/2002	188	IA23	41.8494	-93.5609	453441	4633206	0.323	0.031	0.122	0.015	0.106	0.011
7/7/2002	188	IA24	41.7610	-93.5683	452755	4623401	0.743	0.039	0.315	0.023	0.230	0.010
7/7/2002	188	IA25	42.6594	-93.4276	464957	4723079	0.766	0.029	0.328	0.017	0.327	0.018
7/7/2002	188	IA26	42.6006	-93.4200	465544	4716548	0.450	0.083	0.176	0.036	0.172	0.027
7/7/2002	188	IA27	42.5145	-93.4212	465401	4706992	0.503	0.142	0.201	0.065	0.191	0.053
7/7/2002	188	IA28	42.4395	-93.4248	465065	4698667	0.842	0.061	0.375	0.037	0.333	0.032
7/7/2002	188	IA29	42.3410	-93.4243	465049	4687723	0.694	0.041	0.288	0.022	0.276	0.021
7/7/2002	188	IA30	42.2560	-93.4249	464952	4678289	0.714	0.083	0.300	0.047	0.280	0.035
7/7/2002	188	IA31	42.1791	-93.4255	464859	4669750	0.843	0.027	0.374	0.017	0.319	0.014
7/7/2002	188	IA32	42.0929	-93.4258	464789	4660181	0.873	0.036	0.394	0.022	0.328	0.018
7/7/2002	188	IA33	41.9853	-93.4343	464023	4648237	0.768	0.073	0.330	0.043	0.319	0.032
7/7/2002	188	IA34	41.9279	-93.4488	462792	4641865	0.758	0.046	0.324	0.027	0.306	0.023
7/7/2002	188	IA35	41.8343	-93.4089	466048	4631463	0.899	0.010	0.411	0.008	0.415	0.007
7/7/2002	188	IA36	41.7878	-93.3875	467803	4626284	0.638	0.088	0.261	0.041	0.251	0.029
7/7/2002	188	IA38	42.5868	-93.2813	476915	4714967	0.245	0.133	0.080	0.063	0.100	0.042
7/7/2002	188	IA39	42.4956	-93.2951	475752	4704847	0.714	0.051	0.300	0.027	0.268	0.023
7/7/2002	188	IA40	42.4418	-93.2930	475905	4698872	0.725	0.058	0.305	0.033	0.318	0.030
7/7/2002	188	IA41	42.3535	-93.2952	475685	4689064	0.696	0.129	0.293	0.070	0.245	0.045
7/7/2002	188	IA42	42.2605	-93.3113	474321	4678745	0.550	0.055	0.219	0.025	0.222	0.025
7/7/2002	188	IA43	42.1739	-93.2906	476002	4669123	0.834	0.013	0.369	0.009	0.301	0.008
7/7/2002	188	IA44	42.0923	-93.2993	475249	4660063	0.861	0.026	0.386	0.017	0.314	0.013
7/7/2002	188	IA45	42.0024	-93.2904	475955	4650079	0.569	0.124	0.230	0.061	0.244	0.038
7/7/2002	188	IA46	41.9485	-93.2908	475896	4644094	0.765	0.070	0.329	0.039	0.314	0.036
7/7/2002	188	IA47	41.8489	-93.2904	475897	4633042	0.773	0.009	0.333	0.005	0.295	0.005
7/7/2002	188	IA48	41.7837	-93.3041	474733	4625801	0.798	0.027	0.347	0.017	0.315	0.012
7/8/2002	189	IA01	42.6599	-93.7174	441207	4723296	0.585	0.044	0.234	0.020	0.259	0.016
7/8/2002	189	IA02	42.5872	-93.7058	442086	4715215	0.652	0.014	0.266	0.007	0.235	0.004
7/8/2002	189	IA03	42.5066	-93.7192	440911	4706278	0.688	0.014	0.284	0.008	0.283	0.006
7/8/2002	189	IA04	42.4122	-93.7280	440099	4695803	0.801	0.012	0.348	0.007	0.253	0.003
7/8/2002	189	IA05	42.3417	-93.7287	439977	4687974	0.616	0.038	0.248	0.019	0.224	0.006
7/8/2002	189	IA06	42.2555	-93.6991	442333	4678376	0.835	0.027	0.370	0.017	0.334	0.014
7/8/2002	189	IA07	42.1703	-93.6990	442268	4668920	0.733	0.045	0.309	0.025	0.232	0.014
7/8/2002	189	IA08	42.0920	-93.7004	442082	4660226	0.783	0.041	0.338	0.024	0.288	0.015
7/8/2002	189	IA09	41.9792	-93.6981	442165	4647701	0.779	0.046	0.336	0.027	0.271	0.021
7/8/2002	189	IA10	41.9218	-93.6983	442096	4641330	0.664	0.041	0.272	0.021	0.220	0.018
7/8/2002	189	IA11	41.8490	-93.7196	440263	4633264	0.817	0.016	0.359	0.010	0.270	0.006
7/8/2002	189	IA12	41.7688	-93.6783	443620	4624330	0.560	0.104	0.224	0.046	0.185	0.035
7/8/2002	189	IA13	42.6658	-93.5280	456731	4723842	0.495	0.003	0.194	0.001	0.219	0.001
7/8/2002	189	IA14	42.5924	-93.5458	455217	4715697	0.203	0.057	0.062	0.030	0.071	0.028
7/8/2002	189	IA15	42.5126	-93.5491	454889	4706833	0.728	0.099	0.309	0.057	0.288	0.039
7/8/2002	189	IA16	42.4288	-93.5597	453962	4697543	0.650	0.046	0.265	0.023	0.227	0.018
7/8/2002	189	IA17	42.3546	-93.5652	453455	4689298	0.768	0.073	0.330	0.041	0.304	0.039
7/8/2002	189	IA18	42.2524	-93.5548	454232	4677953	0.683	0.052	0.283	0.027	0.269	0.027
7/8/2002	189	IA19	42.1642	-93.5597	453770	4668159	0.524	0.045	0.207	0.020	0.205	0.017
7/8/2002	189	IA20	42.0928	-93.5354	455722	4660221	0.480	0.043	0.188	0.018	0.177	0.014
7/8/2002	189	IA21	41.9893	-93.5406	455224	4648728	0.407	0.077	0.157	0.031	0.137	0.026
7/8/2002	189	IA22	41.9422	-93.5406	455190	4643504	0.377	0.116	0.143	0.050	0.150	0.034
7/8/2002	189	IA23	41.8494	-93.5609	453441	4633206	0.331	0.011	0.126	0.005	0.109	0.004
7/8/2002	189	IA24	41.7610	-93.5683	452755	4623401	0.741	0.006	0.314	0.004	0.229	0.001
7/8/2002	189	IA25	42.6594	-93.4276	464957	4723079	0.631	0.037	0.256	0.017	0.255	0.018
7/8/2002	189	IA26	42.6006	-93.4200	465544	4716548	0.391	-999	0.152	-999	0.152	-999
7/8/2002	189	IA27	42.5145	-93.4212	465401	4706992	0.358	0.141	0.135	0.061	0.137	0.050
7/8/2002	189	IA28	42.4395	-93.4248	465065	4698667	0.667	0.120	0.277	0.065	0.253	0.052
7/8/2002	189	IA29	42.3410	-93.4243	465049	4687723	0.610	0.100	0.248	0.051	0.238	0.048
7/8/2002	189	IA30	42.2560	-93.4249	464952	4678289	0.687	0.083	0.285	0.043	0.269	0.031
7/8/2002	189	IA31	42.1791	-93.4255	464859	4669750	0.820	0.027	0.360	0.017	0.308	0.013
7/8/2002	189	IA32	42.0929	-93.4258	464789	4660181	0.723	0.042	0.304	0.024	0.259	0.017
7/8/2002	189	IA33	41.9853	-93.4343	464023	4648237	0.783	0.041	0.338	0.024	0.325	0.018
7/8/2002	189	IA34	41.9279	-93.4488	462792	4641865	0.733	0.045	0.309	0.025	0.294	0.020
7/8/2002	189	IA35	41.8343	-93.4089	466048	4631463	0.835	0.027	0.370	0.017	0.370	0.018
7/8/2002	189	IA36	41.7878	-93.3875	467803	4626284	0.616	0.038	0.248	0.019	0.242	0.013
7/8/2002	189	IA38	42.5868	-93.2813	476915	4714967	0.321	0.146	0.118	0.064	0.125	0.044
7/8/2002	189	IA39	42.4956	-93.2951	475752	4704847	0.524	0.021	0.206	0.009	0.192	0.007
7/8/2002	189	IA40	42.4418	-93.2930	475905	4698872	0.619	0.080	0.251	0.041	0.269	0.037
7/8/2002	189	IA41	42.3535	-93.2952	475685	4689064	0.644	0.084	0.264	0.044	0.225	0.029
7/8/2002	189	IA42	42.2605	-93.3113	474321	4678745	0.486	0.051	0.190	0.022	0.192	0.023
7/8/2002	189	IA43	42.1739	-93.2906	476002	4669123	0.794	0.018	0.344	0.011	0.279	0.010
7/8/2002	189	IA44	42.0923	-93.2993	475249	4660063	0.809	0.021	0.353	0.012	0.288	0.009
7/8/2002	189	IA45	42.0024	-93.2904	475955	4650079	0.585	0.044	0.234	0.020	0.247	0.012
7/8/2002	189	IA46	41.9485	-93.2908	475896	4644094	0.652	0.014	0.266	0.007	0.259	0.006
7/8/2002	189	IA47	41.8489	-93.2904	475897	4633042	0.688	0.014	0.284	0.008	0.259	0.006
7/8/2002	189	IA48	41.7837	-93.3041	474733	4625801	0.801	0.012	0.348	0.007	0.317	0.005
7/9/2002	190	IA01	42.6599	-93.7174	441207	4723296	0.284	0.057	0.103	0.027	0.153	0.022
7/9/2002	190	IA02	42.5872	-93.7058	442086	4715215	0.613	0.043	0.247	0.020	0.223	0.013
7/9/2002	190	IA03	42.5066	-93.7192	440911	4706278	0.485	0.064	0.190	0.027	0.213	0.021
7/9/2002	190	IA04	42.4122	-93.7280	440099	4695803	0.475	0.033	0.185	0.013	0.186	0.006
7/9/2002	190	IA05	42.3417	-93.7287	439977	4687974	0.273	0.075	0.097	0.036	0.174	0.012
7/9/2002	190	IA06	42.2555	-93.6991	442333	4678376	0.607	0.071	0.245	0.033	0.241	0.024
7/9/2002	190	IA07	42.1703	-93.6990	442268	4668920	0.489	0.092	0.193	0.041	0.168	0.023
7/9/2002	190	IA08	42.0920	-93.7004	442082	4660226	0.660	0.046	0.270	0.024	0.245	0.015
7/9/2002	190	IA09	41.9792	-93.6981	442165	4647701	0.816	0.033	0.358	0.020	0.289	0.016
7/9/2002	190	IA10	41.9218	-93.6983	442096	4641330	0.682	0.014	0.281	0.007	0.227	0.006
7/9/2002	190	IA11	41.8490	-93.7196	440263	4633264	0.783	0.037	0.338	0.022	0.259	0.013
7/9/2002	190	IA12	41.7688	-93.6783	443620	4624330	0.517	0.107	0.205	0.046	0.171	0.035
7/9/2002	190	IA13	42.6658	-93.5280	456731	4723842	0.494	0.044	0.194	0.018	0.218	0.020
7/9/2002	190	IA14	42.5924	-93.5458	455217	4715697	0.200	0.052	0.060	0.029	0.069	0.027
7/9/2002	190	IA15	42.5126	-93.5491	454889	4706833	0.812	0.018	0.356	0.011	0.320	0.008
7/9/2002	190	IA16	42.4288	-93.5597	453962	4697543	0.544	0.041	0.216	0.018	0.188	0.014
7/9/2002	190	IA17	42.3546	-93.5652	453455	4689298	0.800	0.051	0.349	0.031	0.322	0.030
7/9/2002	190	IA18	42.2524	-93.5548	454232	4677953	0.765	0.050	0.328	0.029	0.314	0.030
7/9/2002	190	IA19	42.1642	-93.5597	453770	4668159	0.621	0.038	0.251	0.018	0.243	0.015
7/9/2002	190	IA20	42.0928	-93.5354	455722	4660221	0.397	0.052	0.154	0.021	0.150	0.017
7/9/2002	190	IA21	41.9893	-93.5406	455224	4648728	0.395	0.042	0.153	0.018	0.133	0.014
7/9/2002	190	IA22	41.9422	-93.5406	455190	4643504	0.260	0.131	0.088	0.060	0.112	0.041
7/9/2002	190	IA23	41.8494	-93.5609	453441	4633206	0.290	0.109	0.104	0.049	0.093	0.039
7/9/2002	190	IA24	41.7610	-93.5683	452755	4623401	0.639	0.093	0.261	0.046	0.206	0.020
7/9/2002	190	IA25	42.6594	-93.4276	464957	4723079	0.675	0.114	0.281	0.056	0.279	0.056
7/9/2002	190	IA26	42.6006	-93.4200	465544	4716548	0.504	0.167	0.202	0.072	0.190	0.056
7/9/2002	190	IA27	42.5145	-93.4212	465401	4706992	0.344	0.045	0.131	0.021	0.133	0.017
7/9/2002	190	IA28	42.4395	-93.4248	465065	4698667	0.687	0.056	0.285	0.030	0.259	0.024
7/9/2002	190	IA29	42.3410	-93.4243	465049	4687723	0.458	0.070	0.179	0.029	0.172	0.029
7/9/2002	190	IA30	42.2560	-93.4249	464952	4678289	0.712	0.039	0.298	0.021	0.278	0.015
7/9/2002	190	IA31	42.1791	-93.4255	464859	4669750	0.742	0.077	0.316	0.042	0.274	0.032
7/9/2002	190	IA32	42.0929	-93.4258	464789	4660181	0.714	0.021	0.298	0.012	0.255	0.008
7/9/2002	190	IA33	41.9853	-93.4343	464023	4648237	0.736	0.048	0.311	0.026	0.305	0.019
7/9/2002	190	IA34	41.9279	-93.4488	462792	4641865	0.759	0.040	0.324	0.023	0.306	0.019
7/9/2002	190	IA35	41.8343	-93.4089	466048	4631463	0.807	0.035	0.353	0.021	0.352	0.021
7/9/2002	190	IA36	41.7878	-93.3875	467803	4626284	0.498	0.075	0.196	0.031	0.206	0.023
7/9/2002	190	IA38	42.5868	-93.2813	476915	4714967	0.330	0.154	0.122	0.068	0.128	0.046
7/9/2002	190	IA39	42.4956	-93.2951	475752	4704847	0.476	0.063	0.186	0.027	0.175	0.022
7/9/2002	190	IA40	42.4418	-93.2930	475905	4698872	0.514	0.051	0.202	0.022	0.224	0.021
7/9/2002	190	IA41	42.3535	-93.2952	475685	4689064	0.599	0.068	0.241	0.032	0.211	0.020
7/9/2002	190	IA42	42.2605	-93.3113	474321	4678745	0.433	0.049	0.168	0.019	0.169	0.022
7/9/2002	190	IA43	42.1739	-93.2906	476002	4669123	0.690	0.095	0.288	0.048	0.229	0.041
7/9/2002	190	IA44	42.0923	-93.2993	475249	4660063	0.740	0.074	0.315	0.040	0.260	0.029
7/9/2002	190	IA45	42.0024	-93.2904	475955	4650079	0.506	0.125	0.201	0.057	0.226	0.036
7/9/2002	190	IA46	41.9485	-93.2908	475896	4644094	0.652	0.011	0.266	0.005	0.258	0.005
7/9/2002	190	IA47	41.8489	-93.2904	475897	4633042	0.679	0.019	0.280	0.009	0.255	0.007
7/9/2002	190	IA48	41.7837	-93.3041	474733	4625801	0.780	0.012	0.336	0.007	0.308	0.005
7/10/2002	191	IA01	42.6599	-93.7174	441207	4723296	0.590	0.105	0.238	0.047	0.261	0.037
7/10/2002	191	IA02	42.5872	-93.7058	442086	4715215	0.790	0.065	0.343	0.038	0.285	0.025
7/10/2002	191	IA03	42.5066	-93.7192	440911	4706278	0.838	0.047	0.372	0.029	0.349	0.024
7/10/2002	191	IA04	42.4122	-93.7280	440099	4695803	0.678	0.112	0.283	0.059	0.225	0.024
7/10/2002	191	IA05	42.3417	-93.7287	439977	4687974	0.659	0.165	0.276	0.085	0.234	0.028
7/10/2002	191	IA06	42.2555	-93.6991	442333	4678376	0.679	0.136	0.285	0.071	0.270	0.053
7/10/2002	191	IA07	42.1703	-93.6990	442268	4668920	0.579	0.191	0.238	0.090	0.193	0.049
7/10/2002	191	IA08	42.0920	-93.7004	442082	4660226	0.807	0.045	0.352	0.027	0.298	0.018
7/10/2002	191	IA09	41.9792	-93.6981	442165	4647701	0.852	0.023	0.380	0.014	0.307	0.012
7/10/2002	191	IA10	41.9218	-93.6983	442096	4641330	0.863	0.024	0.388	0.016	0.321	0.015
7/10/2002	191	IA11	41.8490	-93.7196	440263	4633264	0.908	0.033	0.421	0.026	0.306	0.014
7/10/2002	191	IA12	41.7688	-93.6783	443620	4624330	0.806	0.009	0.351	0.006	0.282	0.004
7/10/2002	191	IA13	42.6658	-93.5280	456731	4723842	0.500	0.044	0.197	0.019	0.221	0.020
7/10/2002	191	IA14	42.5924	-93.5458	455217	4715697	0.703	0.025	0.292	0.014	0.294	0.013
7/10/2002	191	IA15	42.5126	-93.5491	454889	4706833	0.835	0.077	0.372	0.048	0.332	0.035
7/10/2002	191	IA16	42.4288	-93.5597	453962	4697543	0.649	0.037	0.264	0.018	0.226	0.015
7/10/2002	191	IA17	42.3546	-93.5652	453455	4689298	0.724	0.046	0.304	0.026	0.280	0.024
7/10/2002	191	IA18	42.2524	-93.5548	454232	4677953	0.781	0.013	0.337	0.008	0.323	0.008
7/10/2002	191	IA19	42.1642	-93.5597	453770	4668159	0.761	0.092	0.327	0.050	0.309	0.044
7/10/2002	191	IA20	42.0928	-93.5354	455722	4660221	0.564	0.078	0.225	0.036	0.205	0.027
7/10/2002	191	IA21	41.9893	-93.5406	455224	4648728	0.641	0.124	0.265	0.062	0.218	0.046
7/10/2002	191	IA22	41.9422	-93.5406	455190	4643504	0.750	0.050	0.319	0.028	0.267	0.018
7/10/2002	191	IA23	41.8494	-93.5609	453441	4633206	0.809	0.031	0.354	0.019	0.288	0.016
7/10/2002	191	IA24	41.7610	-93.5683	452755	4623401	0.870	0.008	0.392	0.005	0.265	0.003
7/10/2002	191	IA25	42.6594	-93.4276	464957	4723079	0.764	0.043	0.327	0.025	0.326	0.026
7/10/2002	191	IA26	42.6006	-93.4200	465544	4716548	0.747	0.059	0.318	0.033	0.279	0.025
7/10/2002	191	IA27	42.5145	-93.4212	465401	4706992	0.813	0.039	0.356	0.023	0.317	0.020
7/10/2002	191	IA28	42.4395	-93.4248	465065	4698667	0.883	0.026	0.400	0.016	0.356	0.016
7/10/2002	191	IA29	42.3410	-93.4243	465049	4687723	0.747	0.035	0.317	0.021	0.304	0.020
7/10/2002	191	IA30	42.2560	-93.4249	464952	4678289	0.735	0.063	0.311	0.034	0.287	0.025
7/10/2002	191	IA31	42.1791	-93.4255	464859	4669750	0.863	0.011	0.388	0.007	0.330	0.006
7/10/2002	191	IA32	42.0929	-93.4258	464789	4660181	0.871	0.015	0.393	0.010	0.326	0.008
7/10/2002	191	IA33	41.9853	-93.4343	464023	4648237	0.818	0.062	0.360	0.038	0.342	0.031
7/10/2002	191	IA34	41.9279	-93.4488	462792	4641865	0.857	0.034	0.384	0.021	0.359	0.020
7/10/2002	191	IA35	41.8343	-93.4089	466048	4631463	0.910	0.007	0.420	0.007	0.423	0.006
7/10/2002	191	IA36	41.7878	-93.3875	467803	4626284	0.740	0.022	0.313	0.012	0.287	0.009
7/10/2002	191	IA38	42.5868	-93.2813	476915	4714967	0.593	0.148	0.241	0.066	0.208	0.045
7/10/2002	191	IA39	42.4956	-93.2951	475752	4704847	0.663	0.083	0.273	0.043	0.247	0.035
7/10/2002	191	IA40	42.4418	-93.2930	475905	4698872	0.814	0.024	0.357	0.015	0.366	0.015
7/10/2002	191	IA41	42.3535	-93.2952	475685	4689064	0.844	0.029	0.375	0.019	0.300	0.013
7/10/2002	191	IA42	42.2605	-93.3113	474321	4678745	0.608	0.050	0.245	0.024	0.249	0.025
7/10/2002	191	IA43	42.1739	-93.2906	476002	4669123	0.854	0.026	0.382	0.016	0.314	0.015
7/10/2002	191	IA44	42.0923	-93.2993	475249	4660063	0.833	0.023	0.369	0.014	0.299	0.011
7/10/2002	191	IA45	42.0024	-93.2904	475955	4650079	0.675	0.090	0.280	0.049	0.276	0.031
7/10/2002	191	IA46	41.9485	-93.2908	475896	4644094	0.799	0.043	0.348	0.026	0.333	0.024
7/10/2002	191	IA47	41.8489	-93.2904	475897	4633042	0.816	0.018	0.358	0.011	0.316	0.009
7/10/2002	191	IA48	41.7837	-93.3041	474733	4625801	0.866	0.021	0.389	0.014	0.346	0.011
7/11/2002	192	IA01	42.6599	-93.7174	441207	4723296	0.620	0.176	0.257	0.093	0.278	0.075
7/11/2002	192	IA02	42.5872	-93.7058	442086	4715215	0.693	0.092	0.290	0.049	0.250	0.032
7/11/2002	192	IA03	42.5066	-93.7192	440911	4706278	0.834	0.051	0.369	0.032	0.347	0.025
7/11/2002	192	IA04	42.4122	-93.7280	440099	4695803	0.792	0.074	0.345	0.044	0.251	0.019
7/11/2002	192	IA05	42.3417	-93.7287	439977	4687974	0.635	0.097	0.260	0.051	0.228	0.017
7/11/2002	192	IA06	42.2555	-93.6991	442333	4678376	0.772	0.092	0.333	0.054	0.307	0.041
7/11/2002	192	IA07	42.1703	-93.6990	442268	4668920	0.684	0.074	0.284	0.041	0.218	0.023
7/11/2002	192	IA08	42.0920	-93.7004	442082	4660226	0.853	0.015	0.381	0.010	0.317	0.007
7/11/2002	192	IA09	41.9792	-93.6981	442165	4647701	0.873	0.029	0.394	0.018	0.319	0.016
7/11/2002	192	IA10	41.9218	-93.6983	442096	4641330	0.826	0.044	0.365	0.027	0.300	0.024
7/11/2002	192	IA11	41.8490	-93.7196	440263	4633264	0.897	0.009	0.410	0.007	0.301	0.004
7/11/2002	192	IA12	41.7688	-93.6783	443620	4624330	0.795	0.013	0.345	0.007	0.277	0.006
7/11/2002	192	IA13	42.6658	-93.5280	456731	4723842	0.653	0.041	0.267	0.020	0.295	0.021
7/11/2002	192	IA14	42.5924	-93.5458	455217	4715697	0.682	0.007	0.281	0.004	0.283	0.004
7/11/2002	192	IA15	42.5126	-93.5491	454889	4706833	0.847	0.036	0.378	0.023	0.336	0.017
7/11/2002	192	IA16	42.4288	-93.5597	453962	4697543	0.659	0.106	0.272	0.058	0.232	0.045
7/11/2002	192	IA17	42.3546	-93.5652	453455	4689298	0.699	0.060	0.291	0.031	0.267	0.028
7/11/2002	192	IA18	42.2524	-93.5548	454232	4677953	0.685	0.085	0.284	0.046	0.271	0.046
7/11/2002	192	IA19	42.1642	-93.5597	453770	4668159	0.726	0.055	0.306	0.031	0.291	0.027
7/11/2002	192	IA20	42.0928	-93.5354	455722	4660221	0.577	0.038	0.230	0.017	0.209	0.013
7/11/2002	192	IA21	41.9893	-93.5406	455224	4648728	0.675	0.041	0.277	0.020	0.228	0.016
7/11/2002	192	IA22	41.9422	-93.5406	455190	4643504	0.783	0.046	0.338	0.028	0.281	0.019
7/11/2002	192	IA23	41.8494	-93.5609	453441	4633206	0.683	0.016	0.281	0.008	0.231	0.006
7/11/2002	192	IA24	41.7610	-93.5683	452755	4623401	0.804	0.025	0.350	0.016	0.245	0.007
7/11/2002	192	IA25	42.6594	-93.4276	464957	4723079	0.911	0.041	0.425	0.031	0.428	0.031
7/11/2002	192	IA26	42.6006	-93.4200	465544	4716548	0.820	0.015	0.360	0.010	0.312	0.008
7/11/2002	192	IA27	42.5145	-93.4212	465401	4706992	0.717	0.051	0.300	0.029	0.271	0.022
7/11/2002	192	IA28	42.4395	-93.4248	465065	4698667	0.851	0.041	0.380	0.028	0.338	0.024
7/11/2002	192	IA29	42.3410	-93.4243	465049	4687723	0.682	0.064	0.283	0.035	0.271	0.033
7/11/2002	192	IA30	42.2560	-93.4249	464952	4678289	0.864	0.051	0.388	0.032	0.348	0.025
7/11/2002	192	IA31	42.1791	-93.4255	464859	4669750	0.886	0.018	0.402	0.011	0.343	0.010
7/11/2002	192	IA32	42.0929	-93.4258	464789	4660181	0.821	0.018	0.361	0.012	0.301	0.009
7/11/2002	192	IA33	41.9853	-93.4343	464023	4648237	0.803	0.039	0.350	0.024	0.335	0.019
7/11/2002	192	IA34	41.9279	-93.4488	462792	4641865	0.851	0.014	0.380	0.009	0.355	0.008
7/11/2002	192	IA35	41.8343	-93.4089	466048	4631463	0.915	0.009	0.425	0.010	0.426	0.007
7/11/2002	192	IA36	41.7878	-93.3875	467803	4626284	0.748	0.033	0.318	0.019	0.290	0.013
7/11/2002	192	IA38	42.5868	-93.2813	476915	4714967	0.711	0.025	0.297	0.013	0.245	0.009
7/11/2002	192	IA39	42.4956	-93.2951	475752	4704847	0.670	0.050	0.276	0.025	0.249	0.021
7/11/2002	192	IA40	42.4418	-93.2930	475905	4698872	0.799	0.044	0.349	0.027	0.358	0.026
7/11/2002	192	IA41	42.3535	-93.2952	475685	4689064	0.779	0.060	0.336	0.036	0.273	0.025
7/11/2002	192	IA42	42.2605	-93.3113	474321	4678745	-999	-999	-999	-999	-999	-999
7/11/2002	192	IA43	42.1739	-93.2906	476002	4669123	0.840	0.040	0.374	0.025	0.306	0.023
7/11/2002	192	IA44	42.0923	-93.2993	475249	4660063	0.812	0.061	0.357	0.036	0.291	0.027
7/11/2002	192	IA45	42.0024	-93.2904	475955	4650079	0.742	0.023	0.315	0.014	0.297	0.008
7/11/2002	192	IA46	41.9485	-93.2908	475896	4644094	0.647	0.124	0.268	0.062	0.260	0.055
7/11/2002	192	IA47	41.8489	-93.2904	475897	4633042	0.820	0.022	0.361	0.014	0.319	0.011
7/11/2002	192	IA48	41.7837	-93.3041	474733	4625801	0.856	0.007	0.383	0.004	0.341	0.003
7/12/2002	193	IA01	42.6599	-93.7174	441207	4723296	0.553	0.210	0.227	0.096	0.251	0.077
7/12/2002	193	IA02	42.5872	-93.7058	442086	4715215	0.595	0.078	0.239	0.036	0.218	0.023
7/12/2002	193	IA03	42.5066	-93.7192	440911	4706278	0.869	0.010	0.392	0.006	0.364	0.006
7/12/2002	193	IA04	42.4122	-93.7280	440099	4695803	0.661	0.055	0.271	0.027	0.221	0.011
7/12/2002	193	IA05	42.3417	-93.7287	439977	4687974	0.680	0.017	0.280	0.009	0.235	0.003
7/12/2002	193	IA06	42.2555	-93.6991	442333	4678376	0.723	0.066	0.304	0.038	0.285	0.028
7/12/2002	193	IA07	42.1703	-93.6990	442268	4668920	0.661	0.062	0.271	0.030	0.211	0.017
7/12/2002	193	IA08	42.0920	-93.7004	442082	4660226	0.823	0.014	0.362	0.009	0.304	0.006
7/12/2002	193	IA09	41.9792	-93.6981	442165	4647701	0.851	0.020	0.380	0.012	0.307	0.010
7/12/2002	193	IA10	41.9218	-93.6983	442096	4641330	0.730	0.065	0.309	0.035	0.250	0.030
7/12/2002	193	IA11	41.8490	-93.7196	440263	4633264	0.894	0.008	0.407	0.005	0.300	0.003
7/12/2002	193	IA12	41.7688	-93.6783	443620	4624330	0.797	0.034	0.347	0.020	0.278	0.016
7/12/2002	193	IA13	42.6658	-93.5280	456731	4723842	0.544	0.080	0.216	0.034	0.242	0.037
7/12/2002	193	IA14	42.5924	-93.5458	455217	4715697	0.598	0.105	0.242	0.048	0.245	0.046
7/12/2002	193	IA15	42.5126	-93.5491	454889	4706833	0.716	0.078	0.301	0.045	0.283	0.031
7/12/2002	193	IA16	42.4288	-93.5597	453962	4697543	0.791	0.105	0.346	0.059	0.291	0.047
7/12/2002	193	IA17	42.3546	-93.5652	453455	4689298	0.764	0.067	0.328	0.041	0.302	0.039
7/12/2002	193	IA18	42.2524	-93.5548	454232	4677953	0.761	0.017	0.325	0.009	0.311	0.010
7/12/2002	193	IA19	42.1642	-93.5597	453770	4668159	0.598	0.031	0.240	0.015	0.234	0.013
7/12/2002	193	IA20	42.0928	-93.5354	455722	4660221	0.746	0.052	0.317	0.030	0.274	0.024
7/12/2002	193	IA21	41.9893	-93.5406	455224	4648728	0.611	0.012	0.246	0.006	0.205	0.004
7/12/2002	193	IA22	41.9422	-93.5406	455190	4643504	0.607	0.083	0.245	0.041	0.218	0.027
7/12/2002	193	IA23	41.8494	-93.5609	453441	4633206	0.767	0.041	0.329	0.024	0.268	0.019
7/12/2002	193	IA24	41.7610	-93.5683	452755	4623401	0.637	0.042	0.259	0.021	0.205	0.009
7/12/2002	193	IA25	42.6594	-93.4276	464957	4723079	0.836	0.060	0.372	0.041	0.374	0.043
7/12/2002	193	IA26	42.6006	-93.4200	465544	4716548	0.822	0.033	0.362	0.021	0.313	0.016
7/12/2002	193	IA27	42.5145	-93.4212	465401	4706992	0.613	0.092	0.249	0.047	0.230	0.037
7/12/2002	193	IA28	42.4395	-93.4248	465065	4698667	0.863	0.076	0.389	0.047	0.346	0.041
7/12/2002	193	IA29	42.3410	-93.4243	465049	4687723	0.772	0.018	0.332	0.010	0.317	0.010
7/12/2002	193	IA30	42.2560	-93.4249	464952	4678289	0.719	0.051	0.302	0.027	0.281	0.020
7/12/2002	193	IA31	42.1791	-93.4255	464859	4669750	0.857	0.025	0.384	0.016	0.327	0.013
7/12/2002	193	IA32	42.0929	-93.4258	464789	4660181	0.847	0.022	0.378	0.014	0.314	0.011
7/12/2002	193	IA33	41.9853	-93.4343	464023	4648237	0.817	0.072	0.360	0.044	0.342	0.035
7/12/2002	193	IA34	41.9279	-93.4488	462792	4641865	0.825	0.018	0.363	0.011	0.340	0.010
7/12/2002	193	IA35	41.8343	-93.4089	466048	4631463	0.918	0.024	0.429	0.022	0.429	0.019
7/12/2002	193	IA36	41.7878	-93.3875	467803	4626284	0.711	0.017	0.297	0.010	0.276	0.007
7/12/2002	193	IA38	42.5868	-93.2813	476915	4714967	0.568	0.092	0.227	0.043	0.199	0.028
7/12/2002	193	IA39	42.4956	-93.2951	475752	4704847	0.662	0.023	0.271	0.011	0.245	0.010
7/12/2002	193	IA40	42.4418	-93.2930	475905	4698872	0.656	0.096	0.270	0.049	0.286	0.045
7/12/2002	193	IA41	42.3535	-93.2952	475685	4689064	0.769	0.069	0.331	0.040	0.269	0.027
7/12/2002	193	IA42	42.2605	-93.3113	474321	4678745	0.588	0.056	0.236	0.026	0.239	0.027
7/12/2002	193	IA43	42.1739	-93.2906	476002	4669123	0.818	0.079	0.360	0.047	0.295	0.042
7/12/2002	193	IA44	42.0923	-93.2993	475249	4660063	0.741	0.044	0.314	0.025	0.259	0.019
7/12/2002	193	IA45	42.0024	-93.2904	475955	4650079	0.719	0.021	0.301	0.012	0.288	0.007
7/12/2002	193	IA46	41.9485	-93.2908	475896	4644094	0.660	0.007	0.270	0.004	0.262	0.003
7/12/2002	193	IA47	41.8489	-93.2904	475897	4633042	0.805	0.015	0.351	0.009	0.311	0.007
7/12/2002	193	IA48	41.7837	-93.3041	474733	4625801	0.845	0.028	0.376	0.018	0.336	0.013
































































































































































































































































































































































































































































































































































































































































































































































































































































































































































































































































































































































































































































































































































































































































































































































		


		


		


		


		


		


		


		


		


		


		


		


		


		


		


		


		


		


		


		


		


		


		


		


		


		


		


		


		


		


		


		


		


		


		


		


		


		


		


		


		


		


		


		


		


		


		


		


		


		


		


		


		


		


		


		


		


		


		


		


		


		


		


		


		


		


		


		


		


		


		


		


		


		


		


		


		


		


		


		


		


		


		


		


		


		


		


		


		


		


		


		


		


		


		


		


		


		


		


		


		


		


		


		


		


		


		


		


		


		


		


		


		


		


		


		


		


		


		


		


		


		


		


		


		


		


		


		


		


		


		


		


		


		


		


		


		


		


		


		


		


		


		


		


		


		


		


		


		


		


		


		


		


		


		


		


		


		


		


		


		


		


		


		


		


		


		


		


		


		


		


		


		


		


		


		


		


		


		


		


		


		


		


		


		


		


		


		


		


		


		


		


		


		


		


		


		


		


		


		


		


		


		


		


		


		


		


		


		


		


		


		


		


		


		


		


		


		


		


		


		
