Day of Year	Location # -->	1	2	3	4	5	6		Depth (cm)-->	0.5	1.5	2.5	3.5	4.5	5.5	0-6 cm mean	
176		5.73	5.53	7.00	7.99	10.83	6.61			3.04	4.39	6.10	8.60	10.44	11.12	7.28	
177		8.25	6.79	10.37	10.20	9.13	6.66			7.38	5.09	6.72	9.16	12.05	11.01	8.57	
178		10.30	8.87	7.69	10.70	9.49	6.09			4.69	5.44	6.85	11.42	13.39	12.39	9.03	
179		6.72	6.00	6.36	7.85	9.09	8.14			3.16	6.46	6.12	8.23	10.11	10.80	7.48	
182		5.17	4.23	2.77	5.29	6.79	5.62			3.69	2.89	3.91	5.12	6.76	7.49	4.98	
183										2.40	3.11	4.22	6.51	8.11	8.80	5.52	
184										3.00	4.17	5.33	6.86	8.05	8.31	5.95	
186		13.02	12.36	10.56	25.64	20.39	6.58			19.13	18.61	14.26	13.63	13.23	10.89	14.96	
187		10.92	7.84	8.29	11.68	20.95	18.69			13.55	14.32	13.04	11.97	11.20	14.29	13.06	
188		27.27	16.25	14.96	20.47	14.47	17.70			21.42	21.15	21.19	17.45	16.52	13.39	18.52	
189		15.17	13.72	11.11	14.23	22.07	12.54			14.74	16.38	16.41	15.00	13.99	12.33	14.81	
190		14.10	10.76	11.40	9.36	16.02	12.51			11.23	12.80	13.08	13.07	12.38	11.58	12.36	
191		28.22	23.47	26.95						28.72	27.66	26.47	26.01	25.11	23.33	26.22	
192		22.39	22.89	24.99	27.63	28.43	31.50			28.23	27.55	26.12	25.55	25.50	24.88	26.31	
193		23.48	22.53	24.68	29.38	29.13	24.32			28.61	27.41	26.48	24.78	23.95	22.28	25.59	
Mean		14.67	12.40	12.86	15.04	16.40	13.08			12.87	13.16	13.09	13.56	14.05	13.53	13.38	
																	
																	
																	
																	
																	
																	
																	
																	
																	
																	
																	
																	
																	
																	
																	
																	
																	
																	
																	
																	
																	
																	
																	
																	
																	
																	
																	
																	
																	
																	
																	
																	
																	
																	
																	
																	
																	
																	
																	
																	
																	
																	
																	
																	
																	
																	
																	
		
		
		
		
		
		
		
		
		
		
		
		
		
		
		
		
																	
																	
																	
																	
																	
																	
																	
																	
																	
																	
																	
																	
																	
																	
																	
																	
		
		
		
		
		
		
		
		
		
		
		
		
		
		
		
		
																	
																	
																	
																	
																	
																	
																	
																	
																	
																	
																	
																	
																	
																	
																	
																	
																	
																	
																	
																	
																	
																	
																	
																	
																	
																	
																	
																	
																	
																	
																	
																	
																	
																	
																	
																	
																	
																	
																	
																	
																	
																	
																	
																	
																	
																	
																	
																	
																	
																	
																	
																	
																	
																	
																	
																	
																	
																	
																	
																	
																	
																	
