								temperature in C			
Date		DOY	IA Site	LatitudeLongitude	Easting	NorthingTime	surface	1cm	5 cm	10cm
6/25/2002	176	1	42.6599	-93.7174	441207	4723296	11:50	35.0	27.0	25.5	23.3
6/25/2002	176	2	42.5872	-93.7058	442086	4715215	12:25	40.0	37.3	30.6	27.2
6/25/2002	176	3	42.5066	-93.7192	440911	4706278	13:00	42.0	38.3	33.0	27.9
6/25/2002	176	4	42.4122	-93.7280	440099	4695803	13:35	36.0	31.0	29.4	27.6
6/25/2002	176	5	42.3417	-93.7287	439977	4687974	14:10	39.0	29.0	27.1	25.5
6/25/2002	176	6	42.2555	-93.6991	442333	4678376	14:40	45.0	48.7	32.5	28.4
6/25/2002	176	7	42.1703	-93.6990	442268	4668920	15:10	38.0	34.7	31.8	29.8
6/25/2002	176	8	42.0920	-93.7004	442082	4660226	15:35	50.0	38.6	33.8	-999
6/25/2002	176	9	41.9792	-93.6981	442165	4647701	11:30	37.8	40.6	30.9	28.9
6/25/2002	176	10	41.9218	-93.6983	442096	4641330	12:05	32.2	40.6	34.2	29.1
6/25/2002	176	11	41.8490	-93.7196	440263	4633264	11:45	45.6	43.8	34.3	28.0
6/25/2002	176	12	41.7688	-93.6783	443620	4624330	13:15	43.3	41.3	34.7	34.0
6/25/2002	176	13	42.6658	-93.5280	456731	4723842	12:10	35.0	39.2	30.2	26.1
6/25/2002	176	14	42.5924	-93.5458	455217	4715697	12:40	44.0	41.6	33.9	30.0
6/25/2002	176	15	42.5126	-93.5491	454889	4706833	13:10	49.0	39.8	31.3	28.0
6/25/2002	176	16	42.4288	-93.5597	453962	4697543	13:30	44.0	36.4	30.2	27.7
6/25/2002	176	17	42.3546	-93.5652	453455	4689298	13:50	44.0	46.6	33.0	29.3
6/25/2002	176	18	42.2524	-93.5548	454232	4677953	14:20	47.0	34.5	31.5	28.5
6/25/2002	176	19	42.1642	-93.5597	453770	4668159	15:05	47.0	49.0	35.6	30.7
6/25/2002	176	20	42.0928	-93.5354	455722	4660221	-999	45.0	45.4	38.2	33.8
6/25/2002	176	21	41.9893	-93.5406	455224	4648728	15:30	46.7	46.7	40.8	37.2
6/25/2002	176	22	41.9422	-93.5406	455190	4643504	15:15	39.4	39.3	33.1	28.6
6/25/2002	176	23	41.8494	-93.5609	453441	4633206	14:45	50.0	50.0	35.7	31.3
6/25/2002	176	24	41.7610	-93.5683	452755	4623401	14:10	37.8	41.6	35.9	31.4
6/25/2002	176	25	42.6594	-93.4276	464957	4723079	11:35	58.0	41.7	29.6	24.7
6/25/2002	176	26	42.6006	-93.4200	465544	4716548	12:05	38.0	35.5	28.9	25.1
6/25/2002	176	27	42.5145	-93.4212	465401	4706992	12:30	35.0	31.0	26.4	25.2
6/25/2002	176	28	42.4395	-93.4248	465065	4698667	13:05	48.0	46.2	33.6	28.5
6/25/2002	176	29	42.3410	-93.4243	465049	4687723	13:45	35.0	33.6	29.7	27.0
6/25/2002	176	30	42.2560	-93.4249	464952	4678289	14:10	35.0	32.1	28.4	26.4
6/25/2002	176	31	42.1791	-93.4255	464859	4669750	14:35	39.0	31.1	27.6	25.8
6/25/2002	176	32	42.0929	-93.4258	464789	4660181	14:55	37.0	36.0	30.3	28.1
6/25/2002	176	33	41.9853	-93.4343	464023	4648237	15:55	38.0	34.4	29.0	26.8
6/25/2002	176	34	41.9279	-93.4488	462792	4641865	15:25	37.0	34.4	29.0	26.8
6/25/2002	176	35	41.8343	-93.4089	466048	4631463	14:50	48.0	42.2	35.1	31.2
6/25/2002	176	36	41.7878	-93.3875	467803	4626284	14:19	31.0	35.1	32.9	29.5
6/25/2002	176	38	42.5868	-93.2813	476915	4714967	12:00	36.0	40.8	28.4	24.8
6/25/2002	176	39	42.4956	-93.2951	475752	4704847	12:25	50.0	40.1	31.1	27.1
6/25/2002	176	40	42.4418	-93.2930	475905	4698872	12:45	47.0	40.6	34.3	28.1
6/25/2002	176	41	42.3535	-93.2952	475685	4689064	13:10	33.0	32.6	28.6	26.5
6/25/2002	176	42	42.2605	-93.3113	474321	4678745	13:33	44.0	43.7	34.4	30.1
6/25/2002	176	43	42.1739	-93.2906	476002	4669123	13:57	33.0	33.4	29.9	28.2
6/25/2002	176	44	42.0923	-93.2993	475249	4660063	14:20	39.0	42.6	31.8	29.1
6/25/2002	176	45	42.0024	-93.2904	475955	4650079	13:40	35.0	34.4	28.2	25.6
6/25/2002	176	46	41.9485	-93.2908	475896	4644094	13:20	41.0	39.2	32.4	29.0
6/25/2002	176	47	41.8489	-93.2904	475897	4633042	12:30	33.0	34.4	31.8	29.3
6/25/2002	176	48	41.7837	-93.3041	474733	4625801	11:55	35.0	31.1	29.9	28.1
6/26/2002	177	1	42.6599	-93.7174	441207	4723296	11:40	38.0	28.3	24.9	23.5
6/26/2002	177	2	42.5872	-93.7058	442086	4715215	12:03	36.0	36.7	29.5	24.7
6/26/2002	177	3	42.5066	-93.7192	440911	4706278	12:23	50.0	39.5	32.4	28.8
6/26/2002	177	4	42.4122	-93.7280	440099	4695803	12:50	36.0	44.6	32.6	29.7
6/26/2002	177	5	42.3417	-93.7287	439977	4687974	13:13	45.0	31.0	28.8	25.8
6/26/2002	177	6	42.2555	-93.6991	442333	4678376	13:32	71.0	36.7	30.8	27.6
6/26/2002	177	7	42.1703	-93.6990	442268	4668920	14:00	39.0	38.7	30.5	28.1
6/26/2002	177	8	42.0920	-93.7004	442082	4660226	14:20	65.0	49.9	37.2	29.8
6/26/2002	177	9	41.9792	-93.6981	442165	4647701	11:30	39.4	38.5	32.3	29.2
6/26/2002	177	10	41.9218	-93.6983	442096	4641330	11:55	44.4	40.0	32.9	29.2
6/26/2002	177	11	41.8490	-93.7196	440263	4633264	12:22	41.1	41.4	33.3	28.1
6/26/2002	177	12	41.7688	-93.6783	443620	4624330	12:45	46.7	40.9	37.5	33.2
6/26/2002	177	13	42.6658	-93.5280	456731	4723842	11:55	38.0	30.8	26.6	25.8
6/26/2002	177	14	42.5924	-93.5458	455217	4715697	12:18	45.0	34.6	29.0	26.8
6/26/2002	177	15	42.5126	-93.5491	454889	4706833	12:35	47.0	39.9	32.7	29.1
6/26/2002	177	16	42.4288	-93.5597	453962	4697543	13:00	55.0	48.7	37.5	30.7
6/26/2002	177	17	42.3546	-93.5652	453455	4689298	13:20	38.0	31.5	28.6	27.6
6/26/2002	177	18	42.2524	-93.5548	454232	4677953	13:58	53.0	44.8	32.9	30.0
6/26/2002	177	19	42.1642	-93.5597	453770	4668159	14:20	61.0	53.8	37.3	32.4
6/26/2002	177	20	42.0928	-93.5354	455722	4660221	14:50	58.0	44.7	34.4	30.0
6/26/2002	177	21	41.9893	-93.5406	455224	4648728	14:30	45.0	44.1	38.0	35.3
6/26/2002	177	22	41.9422	-93.5406	455190	4643504	14:00	51.1	43.6	33.0	29.0
6/26/2002	177	23	41.8494	-93.5609	453441	4633206	13:45	51.1	44.2	35.8	31.3
6/26/2002	177	24	41.7610	-93.5683	452755	4623401	13:15	43.3	42.8	35.3	30.9
6/26/2002	177	25	42.6594	-93.4276	464957	4723079	11:40	55.0	41.8	32.3	26.0
6/26/2002	177	26	42.6006	-93.4200	465544	4716548	12:00	35.0	33.3	28.0	25.7
6/26/2002	177	27	42.5145	-93.4212	465401	4706992	12:30	33.0	30.7	27.7	25.6
6/26/2002	177	28	42.4395	-93.4248	465065	4698667	12:45	59.0	44.8	33.9	29.1
6/26/2002	177	29	42.3410	-93.4243	465049	4687723	13:05	34.0	32.5	28.2	26.0
6/26/2002	177	30	42.2560	-93.4249	464952	4678289	13:25	38.0	31.6	27.8	25.8
6/26/2002	177	31	42.1791	-93.4255	464859	4669750	13:45	42.0	33.8	29.1	25.8
6/26/2002	177	32	42.0929	-93.4258	464789	4660181	14:05	43.0	35.0	29.4	27.8
6/26/2002	177	33	41.9853	-93.4343	464023	4648237	14:50	33.0	34.4	30.2	27.6
6/26/2002	177	34	41.9279	-93.4488	462792	4641865	14:20	34.0	31.6	28.9	27.1
6/26/2002	177	35	41.8343	-93.4089	466048	4631463	13:50	48.0	45.9	39.0	31.4
6/26/2002	177	36	41.7878	-93.3875	467803	4626284	13:25	42.0	36.2	300.0	28.1
6/26/2002	177	38	42.5868	-93.2813	476915	4714967	12:00	42.0	43.0	30.0	25.7
6/26/2002	177	39	42.4956	-93.2951	475752	4704847	12:25	56.0	41.1	32.2	28.5
6/26/2002	177	40	42.4418	-93.2930	475905	4698872	12:47	59.0	58.8	35.6	29.4
6/26/2002	177	41	42.3535	-93.2952	475685	4689064	13:11	34.0	35.1	29.7	27.2
6/26/2002	177	42	42.2605	-93.3113	474321	4678745	13:32	60.0	44.6	35.0	31.1
6/26/2002	177	43	42.1739	-93.2906	476002	4669123	13:55	36.0	34.2	30.2	28.8
6/26/2002	177	44	42.0923	-93.2993	475249	4660063	14:22	39.0	41.2	32.3	28.7
6/26/2002	177	45	42.0024	-93.2904	475955	4650079	11:45	35.0	31.8	26.3	24.6
6/26/2002	177	46	41.9485	-93.2908	475896	4644094	12:05	38.0	30.4	27.8	26.2
6/26/2002	177	47	41.8489	-93.2904	475897	4633042	12:35	31.0	32.8	29.1	27.2
6/26/2002	177	48	41.7837	-93.3041	474733	4625801	13:05	32.0	30.7	28.3	27.0
6/27/2002	178	1	42.6599	-93.7174	441207	4723296	12:08	33.0	29.6	23.9	22.5
6/27/2002	178	2	42.5872	-93.7058	442086	4715215	12:25	40.0	40.6	31.2	26.9
6/27/2002	178	3	42.5066	-93.7192	440911	4706278	12:45	44.0	39.8	30.7	29.8
6/27/2002	178	4	42.4122	-93.7280	440099	4695803	13:15	40.0	32.0	27.8	26.6
6/27/2002	178	5	42.3417	-93.7287	439977	4687974	13:35	35.0	32.2	27.1	25.5
6/27/2002	178	6	42.2555	-93.6991	442333	4678376	14:10	43.0	36.3	29.6	27.8
6/27/2002	178	7	42.1703	-93.6990	442268	4668920	14:30	36.0	34.2	30.2	28.3
6/27/2002	178	8	42.0920	-93.7004	442082	4660226	14:40	40.0	41.5	33.1	30.0
6/27/2002	178	9	41.9792	-93.6981	442165	4647701	12:00	42.0	31.7	29.6	28.1
6/27/2002	178	10	41.9218	-93.6983	442096	4641330	12:20	54.0	34.2	31.9	28.7
6/27/2002	178	11	41.8490	-93.7196	440263	4633264	12:50	38.0	36.8	32.0	27.5
6/27/2002	178	12	41.7688	-93.6783	443620	4624330	13:20	42.0	39.3	35.8	32.3
6/27/2002	178	13	42.6658	-93.5280	456731	4723842	12:05	35.0	32.4	26.0	24.9
6/27/2002	178	14	42.5924	-93.5458	455217	4715697	12:32	37.0	36.3	27.5	26.1
6/27/2002	178	15	42.5126	-93.5491	454889	4706833	12:55	48.0	40.8	30.7	26.8
6/27/2002	178	16	42.4288	-93.5597	453962	4697543	13:15	44.0	40.8	39.3	28.5
6/27/2002	178	17	42.3546	-93.5652	453455	4689298	13:40	35.0	27.6	25.8	25.1
6/27/2002	178	18	42.2524	-93.5548	454232	4677953	14:22	43.0	36.6	30.2	27.9
6/27/2002	178	19	42.1642	-93.5597	453770	4668159	14:40	51.0	48.5	37.6	30.2
6/27/2002	178	20	42.0928	-93.5354	455722	4660221	15:00	52.0	43.4	34.5	30.3
6/27/2002	178	21	41.9893	-93.5406	455224	4648728	14:56	40.0	39.6	36.8	38.2
6/27/2002	178	22	41.9422	-93.5406	455190	4643504	14:40	47.0	38.8	33.9	29.3
6/27/2002	178	23	41.8494	-93.5609	453441	4633206	14:17	53.0	44.9	37.3	31.5
6/27/2002	178	24	41.7610	-93.5683	452755	4623401	13:50	48.0	40.8	32.1	29.4
6/27/2002	178	25	42.6594	-93.4276	464957	4723079	11:55	49.0	30.4	26.0	23.7
6/27/2002	178	26	42.6006	-93.4200	465544	4716548	12:15	33.0	29.4	25.3	23.7
6/27/2002	178	27	42.5145	-93.4212	465401	4706992	12:50	35.0	29.4	26.9	24.1
6/27/2002	178	28	42.4395	-93.4248	465065	4698667	13:15	52.0	45.3	32.1	27.5
6/27/2002	178	29	42.3410	-93.4243	465049	4687723	13:40	33.0	35.4	31.0	27.7
6/27/2002	178	30	42.2560	-93.4249	464952	4678289	14:00	34.0	33.0	28.0	24.9
6/27/2002	178	31	42.1791	-93.4255	464859	4669750	14:15	36.0	29.3	26.0	24.9
6/27/2002	178	32	42.0929	-93.4258	464789	4660181	14:35	37.0	33.5	28.6	26.5
6/27/2002	178	33	41.9853	-93.4343	464023	4648237	14:45	35.0	33.0	29.3	28.0
6/27/2002	178	34	41.9279	-93.4488	462792	4641865	14:25	32.0	30.0	28.5	26.5
6/27/2002	178	35	41.8343	-93.4089	466048	4631463	14:00	41.0	38.5	33.1	29.6
6/27/2002	178	36	41.7878	-93.3875	467803	4626284	13:40	51.0	40.4	32.8	28.6
6/27/2002	178	38	42.5868	-93.2813	476915	4714967	12:00	38.0	37.4	26.7	24.2
6/27/2002	178	39	42.4956	-93.2951	475752	4704847	12:25	45.0	39.1	29.0	26.6
6/27/2002	178	40	42.4418	-93.2930	475905	4698872	12:42	46.0	43.4	32.6	27.5
6/27/2002	178	41	42.3535	-93.2952	475685	4689064	13:08	33.0	33.3	28.4	26.3
6/27/2002	178	42	42.2605	-93.3113	474321	4678745	13:30	44.0	39.5	32.4	29.4
6/27/2002	178	43	42.1739	-93.2906	476002	4669123	13:54	33.0	31.4	28.5	27.3
6/27/2002	178	44	42.0923	-93.2993	475249	4660063	14:18	35.0	37.4	28.3	26.8
6/27/2002	178	45	42.0024	-93.2904	475955	4650079	12:10	33.0	29.8	25.3	24.8
6/27/2002	178	46	41.9485	-93.2908	475896	4644094	12:30	37.0	35.3	29.6	26.3
6/27/2002	178	47	41.8489	-93.2904	475897	4633042	12:55	40.0	35.9	30.2	28.1
6/27/2002	178	48	41.7837	-93.3041	474733	4625801	13:15	40.0	35.6	29.0	26.9
6/29/2002	180	1	42.6599	-93.7174	441207	4723296	12:05	36.0	33.9	28.1	24.7
6/29/2002	180	2	42.5872	-93.7058	442086	4715215	12:20	36.0	33.6	26.7	24.6
6/29/2002	180	3	42.5066	-93.7192	440911	4706278	12:45	55.0	36.4	28.2	26.8
6/29/2002	180	4	42.4122	-93.7280	440099	4695803	13:10	40.0	38.8	30.5	-999
6/29/2002	180	5	42.3417	-93.7287	439977	4687974	13:35	45.0	40.3	27.9	26.1
6/29/2002	180	6	42.2555	-93.6991	442333	4678376	14:00	60.0	43.7	31.6	27.1
6/29/2002	180	7	42.1703	-93.6990	442268	4668920	14:20	39.0	33.6	29.6	26.8
6/29/2002	180	8	42.0920	-93.7004	442082	4660226	14:45	43.0	36.8	33.0	28.2
6/29/2002	180	9	41.9792	-93.6981	442165	4647701	12:00	46.0	40.1	29.4	29.0
6/29/2002	180	10	41.9218	-93.6983	442096	4641330	12:12	52.0	42.4	33.1	28.7
6/29/2002	180	11	41.8490	-93.7196	440263	4633264	12:40	41.0	35.5	29.8	26.0
6/29/2002	180	12	41.7688	-93.6783	443620	4624330	13:08	55.0	48.0	36.0	31.8
6/29/2002	180	13	42.6658	-93.5280	456731	4723842	12:00	37.0	30.7	25.2	24.6
6/29/2002	180	14	42.5924	-93.5458	455217	4715697	12:20	40.0	35.3	29.4	27.5
6/29/2002	180	15	42.5126	-93.5491	454889	4706833	12:50	36.7	29.7	27.4	-999
6/29/2002	180	16	42.4288	-93.5597	453962	4697543	13:20	40.0	39.0	27.7	26.0
6/29/2002	180	17	42.3546	-93.5652	453455	4689298	13:40	35.0	31.3	27.9	26.5
6/29/2002	180	18	42.2524	-93.5548	454232	4677953	14:10	42.0	42.2	33.8	29.1
6/29/2002	180	19	42.1642	-93.5597	453770	4668159	14:30	55.0	37.5	32.4	30.9
6/29/2002	180	20	42.0928	-93.5354	455722	4660221	14:55	54.0	43.6	36.4	31.0
6/29/2002	180	21	41.9893	-93.5406	455224	4648728	14:42	55.0	54.0	38.0	33.3
6/29/2002	180	22	41.9422	-93.5406	455190	4643504	14:25	49.0	45.7	33.6	29.8
6/29/2002	180	23	41.8494	-93.5609	453441	4633206	13:55	45.0	46.1	33.2	30.3
6/29/2002	180	24	41.7610	-93.5683	452755	4623401	13:37	54.0	52.3	35.5	31.7
6/29/2002	180	25	42.6594	-93.4276	464957	4723079	11:50	43.0	7.2	13.8	18.3
6/29/2002	180	26	42.6006	-93.4200	465544	4716548	12:30	34.0	16.4	15.6	22.1
6/29/2002	180	27	42.5145	-93.4212	465401	4706992	13:00	36.0	11.5	14.0	12.2
6/29/2002	180	28	42.4395	-93.4248	465065	4698667	13:30	50.0	14.0	16.1	18.0
6/29/2002	180	29	42.3410	-93.4243	465049	4687723	13:55	36.0	7.7	5.2	14.1
6/29/2002	180	30	42.2560	-93.4249	464952	4678289	14:15	34.0	16.5	13.5	16.3
6/29/2002	180	31	42.1791	-93.4255	464859	4669750	14:55	36.0	4.9	16.9	18.9
6/29/2002	180	32	42.0929	-93.4258	464789	4660181	15:15	39.0	11.5	16.0	17.8
6/29/2002	180	33	41.9853	-93.4343	464023	4648237	14:30	36.0	30.1	27.5	25.9
6/29/2002	180	34	41.9279	-93.4488	462792	4641865	14:01	32.0	33.2	27.4	25.1
6/29/2002	180	35	41.8343	-93.4089	466048	4631463	13:43	46.0	37.5	34.4	30.7
6/29/2002	180	36	41.7878	-93.3875	467803	4626284	13:15	40.0	34.3	30.5	28.0
6/29/2002	180	38	42.5868	-93.2813	476915	4714967	11:55	37.0	33.4	25.9	24.1
6/29/2002	180	39	42.4956	-93.2951	475752	4704847	12:21	50.0	32.4	27.3	25.9
6/29/2002	180	40	42.4418	-93.2930	475905	4698872	12:41	56.0	47.4	31.7	27.0
6/29/2002	180	41	42.3535	-93.2952	475685	4689064	13:05	34.0	36.6	28.2	25.7
6/29/2002	180	42	42.2605	-93.3113	474321	4678745	13:27	55.0	49.3	34.2	30.0
6/29/2002	180	43	42.1739	-93.2906	476002	4669123	13:50	34.0	33.4	29.3	-999
6/29/2002	180	44	42.0923	-93.2993	475249	4660063	14:15	38.0	36.0	27.6	26.1
6/29/2002	180	45	42.0024	-93.2904	475955	4650079	11:28	33.0	26.1	24.9	23.6
6/29/2002	180	46	41.9485	-93.2908	475896	4644094	12:00	32.5	29.6	26.1	24.9
6/29/2002	180	47	41.8489	-93.2904	475897	4633042	12:21	31.0	32.3	28.4	26.4
6/29/2002	180	48	41.7837	-93.3041	474733	4625801	12:50	32.0	32.0	28.8	26.9
6/30/2002	181	1	42.6599	-93.7174	441207	4723296	11:50	37.0	29.7	26.9	24.2
6/30/2002	181	2	42.5872	-93.7058	442086	4715215	12:18	36.0	30.4	26.6	25.1
6/30/2002	181	3	42.5066	-93.7192	440911	4706278	12:40	45.0	41.2	32.1	28.3
6/30/2002	181	4	42.4122	-93.7280	440099	4695803	13:15	42.0	42.1	30.7	27.4
6/30/2002	181	5	42.3417	-93.7287	439977	4687974	13:40	50.0	43.7	29.6	29.3
6/30/2002	181	6	42.2555	-93.6991	442333	4678376	14:05	50.0	48.6	31.9	28.1
6/30/2002	181	7	42.1703	-93.6990	442268	4668920	14:30	39.0	34.4	31.9	27.9
6/30/2002	181	8	42.0920	-93.7004	442082	4660226	14:50	49.0	37.0	34.1	29.4
6/30/2002	181	9	41.9792	-93.6981	442165	4647701	12:00	42.0	38.3	32.3	30.0
6/30/2002	181	10	41.9218	-93.6983	442096	4641330	12:25	51.0	43.5	34.5	31.1
6/30/2002	181	11	41.8490	-93.7196	440263	4633264	12:45	41.0	33.1	28.5	25.8
6/30/2002	181	12	41.7688	-93.6783	443620	4624330	13:05	45.0	42.9	37.5	34.0
6/30/2002	181	13	42.6658	-93.5280	456731	4723842	11:55	38.0	30.2	28.0	26.2
6/30/2002	181	14	42.5924	-93.5458	455217	4715697	12:30	46.0	38.1	36.6	30.6
6/30/2002	181	15	42.5126	-93.5491	454889	4706833	12:55	47.0	37.2	300.8	28.6
6/30/2002	181	16	42.4288	-93.5597	453962	4697543	13:20	44.0	44.6	32.7	29.0
6/30/2002	181	17	42.3546	-93.5652	453455	4689298	13:45	39.0	33.9	29.7	28.2
6/30/2002	181	18	42.2524	-93.5548	454232	4677953	14:10	41.0	44.1	32.1	29.3
6/30/2002	181	19	42.1642	-93.5597	453770	4668159	14:30	52.0	47.4	38.6	34.3
6/30/2002	181	20	42.0928	-93.5354	455722	4660221	14:55	48.0	44.9	37.3	32.6
6/30/2002	181	21	41.9893	-93.5406	455224	4648728	12:25	48.0	44.7	38.3	34.2
6/30/2002	181	22	41.9422	-93.5406	455190	4643504	12:08	52.0	41.3	37.5	32.0
6/30/2002	181	23	41.8494	-93.5609	453441	4633206	13:45	50.0	47.7	34.6	31.8
6/30/2002	181	24	41.7610	-93.5683	452755	4623401	13:30	56.0	51.5	38.2	33.1
6/30/2002	181	25	42.6594	-93.4276	464957	4723079	11:50	58.0	38.3	29.0	25.7
6/30/2002	181	26	42.6006	-93.4200	465544	4716548	12:20	36.0	31.0	27.3	25.8
6/30/2002	181	27	42.5145	-93.4212	465401	4706992	12:40	34.0	33.1	27.7	25.4
6/30/2002	181	28	42.4395	-93.4248	465065	4698667	13:00	58.0	36.4	31.4	28.3
6/30/2002	181	29	42.3410	-93.4243	465049	4687723	13:15	35.0	34.7	29.8	28.5
6/30/2002	181	30	42.2560	-93.4249	464952	4678289	13:45	35.0	31.7	26.6	25.4
6/30/2002	181	31	42.1791	-93.4255	464859	4669750	14:10	36.0	30.7	27.6	26.0
6/30/2002	181	32	42.0929	-93.4258	464789	4660181	14:45	35.0	34.5	30.0	26.8
6/30/2002	181	33	41.9853	-93.4343	464023	4648237	15:13	36.0	31.5	28.1	26.8
6/30/2002	181	34	41.9279	-93.4488	462792	4641865	14:45	36.0	32.8	28.3	26.0
6/30/2002	181	35	41.8343	-93.4089	466048	4631463	14:03	47.0	38.0	33.1	29.6
6/30/2002	181	36	41.7878	-93.3875	467803	4626284	13:43	42.0	37.0	31.6	28.3
6/30/2002	181	38	42.5868	-93.2813	476915	4714967	11:52	35.0	33.6	26.6	25.3
6/30/2002	181	39	42.4956	-93.2951	475752	4704847	12:20	49.0	34.2	28.8	27.1
6/30/2002	181	40	42.4418	-93.2930	475905	4698872	12:40	58.0	52.9	34.2	28.4
6/30/2002	181	41	42.3535	-93.2952	475685	4689064	13:04	33.0	33.4	28.6	26.8
6/30/2002	181	42	42.2605	-93.3113	474321	4678745	13:27	48.0	37.8	30.3	28.7
6/30/2002	181	43	42.1739	-93.2906	476002	4669123	13:49	34.0	34.4	29.8	28.2
6/30/2002	181	44	42.0923	-93.2993	475249	4660063	14:13	36.0	40.1	31.1	27.8
6/30/2002	181	45	42.0024	-93.2904	475955	4650079	12:08	32.0	29.1	25.8	25.1
6/30/2002	181	46	41.9485	-93.2908	475896	4644094	12:30	32.0	30.8	28.1	26.9
6/30/2002	181	47	41.8489	-93.2904	475897	4633042	12:56	35.0	33.2	30.0	27.5
6/30/2002	181	48	41.7837	-93.3041	474733	4625801	13:15	33.0	33.2	30.1	28.6
7/1/2002	182	1	42.6599	-93.7174	441207	4723296	11:55	38.0	28.5	25.5	24.6
7/1/2002	182	2	42.5872	-93.7058	442086	4715215	12:10	35.0	32.4	27.6	26.6
7/1/2002	182	3	42.5066	-93.7192	440911	4706278	12:35	55.0	49.5	31.8	27.1
7/1/2002	182	4	42.4122	-93.7280	440099	4695803	12:50	45.0	38.9	33.1	30.0
7/1/2002	182	5	42.3417	-93.7287	439977	4687974	13:20	40.0	33.6	29.2	29.2
7/1/2002	182	6	42.2555	-93.6991	442333	4678376	13:45	43.0	37.6	30.7	27.2
7/1/2002	182	7	42.1703	-93.6990	442268	4668920	14:10	35.0	33.1	28.1	26.1
7/1/2002	182	8	42.0920	-93.7004	442082	4660226	14:25	42.0	38.0	30.8	28.3
7/1/2002	182	9	41.9792	-93.6981	442165	4647701	12:00	35.0	34.0	29.8	28.6
7/1/2002	182	10	41.9218	-93.6983	442096	4641330	12:11	50.0	40.5	33.1	30.6
7/1/2002	182	11	41.8490	-93.7196	440263	4633264	12:30	45.0	41.7	31.0	27.8
7/1/2002	182	12	41.7688	-93.6783	443620	4624330	12:48	49.0	42.6	35.7	32.8
7/1/2002	182	13	42.6658	-93.5280	456731	4723842	11:55	38.0	31.0	26.6	25.4
7/1/2002	182	14	42.5924	-93.5458	455217	4715697	12:15	46.0	35.6	30.0	27.9
7/1/2002	182	15	42.5126	-93.5491	454889	4706833	12:40	46.0	43.3	31.3	28.4
7/1/2002	182	16	42.4288	-93.5597	453962	4697543	13:00	53.0	37.3	31.7	29.7
7/1/2002	182	17	42.3546	-93.5652	453455	4689298	13:20	39.0	34.5	30.9	28.9
7/1/2002	182	18	42.2524	-93.5548	454232	4677953	13:40	44.0	44.6	33.2	29.6
7/1/2002	182	19	42.1642	-93.5597	453770	4668159	14:00	57.0	48.7	35.2	30.7
7/1/2002	182	20	42.0928	-93.5354	455722	4660221	14:20	46.0	40.8	33.0	29.0
7/1/2002	182	21	41.9893	-93.5406	455224	4648728	14:18	48.0	44.8	39.0	36.5
7/1/2002	182	22	41.9422	-93.5406	455190	4643504	14:02	52.0	44.6	35.0	32.9
7/1/2002	182	23	41.8494	-93.5609	453441	4633206	13:42	50.0	43.4	36.8	32.8
7/1/2002	182	24	41.7610	-93.5683	452755	4623401	13:22	50.0	44.2	36.5	32.9
7/1/2002	182	25	42.6594	-93.4276	464957	4723079	11:50	50.0	31.3	28.4	25.6
7/1/2002	182	26	42.6006	-93.4200	465544	4716548	12:05	34.0	31.4	26.7	25.5
7/1/2002	182	27	42.5145	-93.4212	465401	4706992	12:30	33.0	31.0	26.6	24.8
7/1/2002	182	28	42.4395	-93.4248	465065	4698667	13:00	52.0	40.7	33.7	29.9
7/1/2002	182	29	42.3410	-93.4243	465049	4687723	13:20	36.0	35.6	30.2	27.8
7/1/2002	182	30	42.2560	-93.4249	464952	4678289	13:45	34.0	32.0	26.4	24.7
7/1/2002	182	31	42.1791	-93.4255	464859	4669750	14:00	37.0	29.1	27.5	29.6
7/1/2002	182	32	42.0929	-93.4258	464789	4660181	14:25	34.0	33.3	29.3	27.4
7/1/2002	182	33	41.9853	-93.4343	464023	4648237	13:48	33.0	29.1	27.1	25.0
7/1/2002	182	34	41.9279	-93.4488	462792	4641865	13:31	32.0	29.0	27.1	25.3
7/1/2002	182	35	41.8343	-93.4089	466048	4631463	13:09	40.0	47.6	33.6	30.0
7/1/2002	182	36	41.7878	-93.3875	467803	4626284	12:54	37.0	34.4	29.1	-999
7/1/2002	182	38	42.5868	-93.2813	476915	4714967	11:55	35.0	32.9	26.8	25.3
7/1/2002	182	39	42.4956	-93.2951	475752	4704847	12:19	49.0	36.1	28.4	26.9
7/1/2002	182	40	42.4418	-93.2930	475905	4698872	12:38	57.0	51.0	35.6	29.5
7/1/2002	182	41	42.3535	-93.2952	475685	4689064	13:01	33.0	32.0	28.3	26.4
7/1/2002	182	42	42.2605	-93.3113	474321	4678745	13:21	50.0	47.0	35.4	30.5
7/1/2002	182	43	42.1739	-93.2906	476002	4669123	13:41	34.0	38.0	32.8	29.8
7/1/2002	182	44	42.0923	-93.2993	475249	4660063	14:03	35.0	34.4	29.6	26.9
7/1/2002	182	45	42.0024	-93.2904	475955	4650079	11:30	32.0	28.7	25.8	24.2
7/1/2002	182	46	41.9485	-93.2908	475896	4644094	11:47	32.0	32.9	28.4	27.1
7/1/2002	182	47	41.8489	-93.2904	475897	4633042	12:10	33.0	34.2	29.8	28.4
7/1/2002	182	48	41.7837	-93.3041	474733	4625801	12:30	33.0	28.8	27.3	26.5
7/2/2002	183	1	42.6599	-93.7174	441207	4723296	12:05	37.0	30.2	25.5	24.0
7/2/2002	183	2	42.5872	-93.7058	442086	4715215	12:25	36.0	32.7	26.5	25.3
7/2/2002	183	3	42.5066	-93.7192	440911	4706278	12:35	37.0	32.0	27.9	26.1
7/2/2002	183	4	42.4122	-93.7280	440099	4695803	13:05	38.0	35.4	28.8	-999
7/2/2002	183	5	42.3417	-93.7287	439977	4687974	13:25	41.0	31.5	26.7	26.2
7/2/2002	183	6	42.2555	-93.6991	442333	4678376	13:50	55.0	42.5	33.6	29.4
7/2/2002	183	7	42.1703	-93.6990	442268	4668920	14:05	45.0	65.6	27.7	26.3
7/2/2002	183	8	42.0920	-93.7004	442082	4660226	14:35	41.0	40.7	32.1	28.4
7/2/2002	183	9	41.9792	-93.6981	442165	4647701	12:00	39.0	32.9	29.5	27.7
7/2/2002	183	10	41.9218	-93.6983	442096	4641330	12:12	45.0	43.1	34.6	30.7
7/2/2002	183	11	41.8490	-93.7196	440263	4633264	12:30	44.0	30.7	27.3	26.0
7/2/2002	183	12	41.7688	-93.6783	443620	4624330	12:50	50.0	40.0	35.6	33.7
7/2/2002	183	13	42.6658	-93.5280	456731	4723842	11:55	37.0	29.4	26.8	25.9
7/2/2002	183	14	42.5924	-93.5458	455217	4715697	12:20	54.0	36.7	30.6	28.8
7/2/2002	183	15	42.5126	-93.5491	454889	4706833	12:36	38.0	33.2	27.5	26.6
7/2/2002	183	16	42.4288	-93.5597	453962	4697543	12:55	38.0	31.2	28.8	28.1
7/2/2002	183	17	42.3546	-93.5652	453455	4689298	13:15	36.0	29.3	26.8	25.8
7/2/2002	183	18	42.2524	-93.5548	454232	4677953	13:40	38.0	20.8	29.8	28.2
7/2/2002	183	19	42.1642	-93.5597	453770	4668159	14:03	44.0	44.1	32.8	29.3
7/2/2002	183	20	42.0928	-93.5354	455722	4660221	14:25	51.0	40.5	32.8	29.6
7/2/2002	183	21	41.9893	-93.5406	455224	4648728	14:13	46.0	44.2	37.3	34.7
7/2/2002	183	22	41.9422	-93.5406	455190	4643504	14:00	55.0	44.5	33.7	27.2
7/2/2002	183	23	41.8494	-93.5609	453441	4633206	13:40	46.0	44.6	35.2	31.2
7/2/2002	183	24	41.7610	-93.5683	452755	4623401	13:20	53.0	44.2	34.9	32.4
7/2/2002	183	25	42.6594	-93.4276	464957	4723079	11:45	60.0	36.9	28.3	25.4
7/2/2002	183	26	42.6006	-93.4200	465544	4716548	12:00	33.0	32.9	26.0	24.5
7/2/2002	183	27	42.5145	-93.4212	465401	4706992	12:20	34.0	28.2	26.4	25.1
7/2/2002	183	28	42.4395	-93.4248	465065	4698667	12:35	48.0	45.3	32.0	28.0
7/2/2002	183	29	42.3410	-93.4243	465049	4687723	13:05	37.0	35.2	29.6	26.8
7/2/2002	183	30	42.2560	-93.4249	464952	4678289	13:20	36.0	33.4	26.8	24.6
7/2/2002	183	31	42.1791	-93.4255	464859	4669750	13:35	34.0	30.3	26.7	25.7
7/2/2002	183	32	42.0929	-93.4258	464789	4660181	13:55	34.0	32.1	27.1	25.8
7/2/2002	183	33	41.9853	-93.4343	464023	4648237	14:40	29.0	31.3	28.2	25.7
7/2/2002	183	34	41.9279	-93.4488	462792	4641865	14:20	35.0	32.7	27.8	25.6
7/2/2002	183	35	41.8343	-93.4089	466048	4631463	13:55	50.0	41.6	33.5	30.6
7/2/2002	183	36	41.7878	-93.3875	467803	4626284	13:35	37.0	36.7	29.5	26.6
7/2/2002	183	38	42.5868	-93.2813	476915	4714967	11:53	35.0	31.9	26.5	24.7
7/2/2002	183	39	42.4956	-93.2951	475752	4704847	12:17	50.0	42.2	29.2	26.7
7/2/2002	183	40	42.4418	-93.2930	475905	4698872	12:34	55.0	52.5	34.3	28.4
7/2/2002	183	41	42.3535	-93.2952	475685	4689064	12:55	33.0	31.4	27.3	25.9
7/2/2002	183	42	42.2605	-93.3113	474321	4678745	13:17	53.0	43.4	32.7	32.5
7/2/2002	183	43	42.1739	-93.2906	476002	4669123	13:41	36.0	37.7	30.8	28.9
7/2/2002	183	44	42.0923	-93.2993	475249	4660063	14:06	37.0	37.9	30.2	27.6
7/2/2002	183	45	42.0024	-93.2904	475955	4650079	12:05	34.0	27.3	226.6	23.8
7/2/2002	183	46	41.9485	-93.2908	475896	4644094	12:25	37.0	33.4	27.2	25.6
7/2/2002	183	47	41.8489	-93.2904	475897	4633042	12:45	35.0	32.9	28.5	26.7
7/2/2002	183	48	41.7837	-93.3041	474733	4625801	13:10	34.0	34.8	29.7	27.3
7/4/2002	185	1	42.6599	-93.7174	441207	4723296	12:10	34.0	29.3	24.7	24.0
7/4/2002	185	2	42.5872	-93.7058	442086	4715215	-999	-999	-999	-999	-999
7/4/2002	185	3	42.5066	-93.7192	440911	4706278	12:48	26.0	29.3	27.3	26.2
7/4/2002	185	4	42.4122	-93.7280	440099	4695803	13:10	38.0	33.5	29.2	27.3
7/4/2002	185	5	42.3417	-93.7287	439977	4687974	13:25	46.0	34.8	27.1	25.9
7/4/2002	185	6	42.2555	-93.6991	442333	4678376	13:50	53.0	41.1	31.8	27.9
7/4/2002	185	7	42.1703	-93.6990	442268	4668920	14:10	33.0	32.1	28.1	26.5
7/4/2002	185	8	42.0920	-93.7004	442082	4660226	14:25	55.0	32.4	32.4	29.2
7/4/2002	185	9	41.9792	-93.6981	442165	4647701	12:00	53.0	41.0	34.2	-999
7/4/2002	185	10	41.9218	-93.6983	442096	4641330	12:20	57.0	48.5	35.2	31.8
7/4/2002	185	11	41.8490	-93.7196	440263	4633264	12:33	62.0	51.8	34.4	28.6
7/4/2002	185	12	41.7688	-93.6783	443620	4624330	14:03	50.0	44.2	36.9	33.1
7/4/2002	185	13	42.6658	-93.5280	456731	4723842	11:53	30.0	28.6	26.5	25.2
7/4/2002	185	14	42.5924	-93.5458	455217	4715697	12:15	35.0	33.8	31.0	28.9
7/4/2002	185	15	42.5126	-93.5491	454889	4706833	12:35	36.0	31.5	27.8	26.4
7/4/2002	185	16	42.4288	-93.5597	453962	4697543	12:55	36.0	31.5	28.5	27.3
7/4/2002	185	17	42.3546	-93.5652	453455	4689298	13:10	48.0	29.6	26.8	26.1
7/4/2002	185	18	42.2524	-93.5548	454232	4677953	13:38	33.0	31.7	28.9	27.7
7/4/2002	185	19	42.1642	-93.5597	453770	4668159	13:55	42.0	44.6	37.1	32.3
7/4/2002	185	20	42.0928	-93.5354	455722	4660221	14:15	45.0	41.6	35.7	30.8
7/4/2002	185	21	41.9893	-93.5406	455224	4648728	14:30	52.0	51.0	37.5	33.1
7/4/2002	185	22	41.9422	-93.5406	455190	4643504	14:18	52.0	51.8	37.5	31.5
7/4/2002	185	23	41.8494	-93.5609	453441	4633206	13:57	41.0	41.5	38.1	32.8
7/4/2002	185	24	41.7610	-93.5683	452755	4623401	13:35	57.0	47.5	38.0	34.7
7/4/2002	185	25	42.6594	-93.4276	464957	4723079	11:35	45.0	38.3	30.8	26.2
7/4/2002	185	26	42.6006	-93.4200	465544	4716548	11:55	31.0	29.7	26.4	24.8
7/4/2002	185	27	42.5145	-93.4212	465401	4706992	12:20	27.0	26.7	25.2	24.5
7/4/2002	185	28	42.4395	-93.4248	465065	4698667	12:55	45.0	40.2	32.9	27.8
7/4/2002	185	29	42.3410	-93.4243	465049	4687723	13:10	30.0	30.1	28.3	25.9
7/4/2002	185	30	42.2560	-93.4249	464952	4678289	13:25	34.0	29.8	26.6	24.8
7/4/2002	185	31	42.1791	-93.4255	464859	4669750	13:40	37.0	38.8	26.7	25.6
7/4/2002	185	32	42.0929	-93.4258	464789	4660181	14:15	34.0	32.4	27.7	25.1
7/4/2002	185	33	41.9853	-93.4343	464023	4648237	14:30	33.0	29.1	27.4	26.5
7/4/2002	185	34	41.9279	-93.4488	462792	4641865	14:10	34.0	35.3	26.9	25.4
7/4/2002	185	35	41.8343	-93.4089	466048	4631463	13:50	69.0	46.1	35.9	31.3
7/4/2002	185	36	41.7878	-93.3875	467803	4626284	13:30	34.0	34.6	28.0	26.3
7/4/2002	185	38	42.5868	-93.2813	476915	4714967	11:53	33.0	31.2	25.8	24.4
7/4/2002	185	39	42.4956	-93.2951	475752	4704847	12:20	35.0	34.4	27.6	26.5
7/4/2002	185	40	42.4418	-93.2930	475905	4698872	12:40	43.0	39.0	28.6	26.0
7/4/2002	185	41	42.3535	-93.2952	475685	4689064	13:54	34.0	34.8	29.5	26.6
7/4/2002	185	42	42.2605	-93.3113	474321	4678745	14:13	44.0	42.7	32.5	28.2
7/4/2002	185	43	42.1739	-93.2906	476002	4669123	14:32	35.0	37.0	32.8	29.8
7/4/2002	185	44	42.0923	-93.2993	475249	4660063	14:55	37.0	40.0	30.4	28.3
7/4/2002	185	45	42.0024	-93.2904	475955	4650079	12:05	32.0	30.4	25.5	24.4
7/4/2002	185	46	41.9485	-93.2908	475896	4644094	12:20	31.0	30.6	26.9	25.6
7/4/2002	185	47	41.8489	-93.2904	475897	4633042	12:45	35.0	31.0	28.4	26.9
7/4/2002	185	48	41.7837	-93.3041	474733	4625801	13:05	33.0	30.6	27.9	26.8
7/5/2002	186	1	42.6599	-93.7174	441207	4723296	12:21	34.0	30.7	24.5	23.8
7/5/2002	186	2	42.5872	-93.7058	442086	4715215	12:40	30.0	31.0	26.0	24.0
7/5/2002	186	3	42.5066	-93.7192	440911	4706278	13:06	33.0	37.7	28.7	25.1
7/5/2002	186	4	42.4122	-93.7280	440099	4695803	13:31	33.0	30.5	27.3	27.4
7/5/2002	186	5	42.3417	-93.7287	439977	4687974	13:56	38.0	30.5	29.0	25.6
7/5/2002	186	6	42.2555	-93.6991	442333	4678376	14:16	39.0	36.9	37.2	36.0
7/5/2002	186	7	42.1703	-93.6990	442268	4668920	14:45	35.0	32.7	29.3	28.3
7/5/2002	186	8	42.0920	-93.7004	442082	4660226	15:20	32.0	34.7	33.4	28.7
7/5/2002	186	9	41.9792	-93.6981	442165	4647701	12:00	34.0	31.4	28.8	27.6
7/5/2002	186	10	41.9218	-93.6983	442096	4641330	12:10	45.0	36.9	32.1	29.0
7/5/2002	186	11	41.8490	-93.7196	440263	4633264	12:48	41.0	40.1	33.5	29.5
7/5/2002	186	12	41.7688	-93.6783	443620	4624330	13:08	32.0	31.7	29.8	28.8
7/5/2002	186	13	42.6658	-93.5280	456731	4723842	11:50	29.0	27.6	25.6	25.0
7/5/2002	186	14	42.5924	-93.5458	455217	4715697	12:17	40.0	37.8	31.9	28.2
7/5/2002	186	15	42.5126	-93.5491	454889	4706833	12:50	30.0	34.3	27.1	25.4
7/5/2002	186	16	42.4288	-93.5597	453962	4697543	13:15	35.0	32.7	29.5	27.8
7/5/2002	186	17	42.3546	-93.5652	453455	4689298	13:30	30.0	29.2	26.5	25.4
7/5/2002	186	18	42.2524	-93.5548	454232	4677953	14:00	33.0	30.5	28.1	26.6
7/5/2002	186	19	42.1642	-93.5597	453770	4668159	14:25	38.0	31.9	29.9	28.5
7/5/2002	186	20	42.0928	-93.5354	455722	4660221	14:45	40.0	35.9	34.0	32.8
7/5/2002	186	21	41.9893	-93.5406	455224	4648728	14:40	53.0	50.2	37.3	33.5
7/5/2002	186	22	41.9422	-93.5406	455190	4643504	14:22	54.0	45.1	31.8	29.4
7/5/2002	186	23	41.8494	-93.5609	453441	4633206	13:58	50.0	42.6	32.6	30.7
7/5/2002	186	24	41.7610	-93.5683	452755	4623401	13:40	50.0	42.8	34.3	31.2
7/5/2002	186	25	42.6594	-93.4276	464957	4723079	12:20	46.0	35.6	25.1	24.0
7/5/2002	186	26	42.6006	-93.4200	465544	4716548	13:00	31.0	27.8	24.7	23.7
7/5/2002	186	27	42.5145	-93.4212	465401	4706992	13:40	30.0	28.1	25.4	23.5
7/5/2002	186	28	42.4395	-93.4248	465065	4698667	14:10	33.0	33.7	31.0	28.0
7/5/2002	186	29	42.3410	-93.4243	465049	4687723	14:45	32.0	30.3	27.9	25.9
7/5/2002	186	30	42.2560	-93.4249	464952	4678289	15:00	29.0	28.3	25.6	24.3
7/5/2002	186	31	42.1791	-93.4255	464859	4669750	15:20	31.0	31.2	27.3	25.8
7/5/2002	186	32	42.0929	-93.4258	464789	4660181	15:45	28.0	29.1	27.8	25.9
7/5/2002	186	33	41.9853	-93.4343	464023	4648237	14:40	31.0	29.7	27.3	25.3
7/5/2002	186	34	41.9279	-93.4488	462792	4641865	14:15	31.0	31.1	27.3	25.5
7/5/2002	186	35	41.8343	-93.4089	466048	4631463	13:55	68.0	46.2	32.5	28.8
7/5/2002	186	36	41.7878	-93.3875	467803	4626284	13:40	35.0	31.4	27.8	26.3
7/5/2002	186	38	42.5868	-93.2813	476915	4714967	11:52	28.0	27.8	24.4	23.6
7/5/2002	186	39	42.4956	-93.2951	475752	4704847	12:19	39.0	34.6	30.2	26.5
7/5/2002	186	40	42.4418	-93.2930	475905	4698872	12:38	40.0	37.9	29.8	26.0
7/5/2002	186	41	42.3535	-93.2952	475685	4689064	13:04	30.0	31.1	27.3	25.1
7/5/2002	186	42	42.2605	-93.3113	474321	4678745	13:24	37.0	29.8	27.9	27.1
7/5/2002	186	43	42.1739	-93.2906	476002	4669123	13:47	31.0	31.9	29.9	28.5
7/5/2002	186	44	42.0923	-93.2993	475249	4660063	14:10	35.0	34.5	28.4	27.0
7/5/2002	186	45	42.0024	-93.2904	475955	4650079	12:10	38.0	30.4	25.5	24.3
7/5/2002	186	46	41.9485	-93.2908	475896	4644094	12:30	33.0	31.8	26.8	25.6
7/5/2002	186	47	41.8489	-93.2904	475897	4633042	12:55	32.0	33.4	26.8	25.0
7/5/2002	186	48	41.7837	-93.3041	474733	4625801	13:15	32.0	33.8	27.3	26.5
7/6/2002	187	1	42.6599	-93.7174	441207	4723296	10:25	34.0	28.5	25.9	23.9
7/6/2002	187	2	42.5872	-93.7058	442086	4715215	10:50	28.0	27.5	25.9	24.5
7/6/2002	187	3	42.5066	-93.7192	440911	4706278	11:05	30.0	28.6	26.6	25.1
7/6/2002	187	4	42.4122	-93.7280	440099	4695803	11:30	37.0	28.4	26.2	25.5
7/6/2002	187	5	42.3417	-93.7287	439977	4687974	11:50	40.0	32.9	30.7	26.4
7/6/2002	187	6	42.2555	-93.6991	442333	4678376	12:10	36.0	36.9	30.8	27.0
7/6/2002	187	7	42.1703	-93.6990	442268	4668920	12:25	31.0	28.8	26.9	25.3
7/6/2002	187	8	42.0920	-93.7004	442082	4660226	12:45	40.0	33.8	29.8	28.2
7/6/2002	187	9	41.9792	-93.6981	442165	4647701	11:15	33.0	30.2	27.7	26.5
7/6/2002	187	10	41.9218	-93.6983	442096	4641330	11:27	36.0	24.7	31.8	30.2
7/6/2002	187	11	41.8490	-93.7196	440263	4633264	11:55	38.0	36.1	29.8	26.5
7/6/2002	187	12	41.7688	-93.6783	443620	4624330	12:15	36.0	35.6	31.5	29.6
7/6/2002	187	13	42.6658	-93.5280	456731	4723842	10:40	31.0	28.3	26.0	24.5
7/6/2002	187	14	42.5924	-93.5458	455217	4715697	11:05	38.0	40.8	34.0	28.4
7/6/2002	187	15	42.5126	-93.5491	454889	4706833	11:28	39.0	34.6	27.3	26.0
7/6/2002	187	16	42.4288	-93.5597	453962	4697543	11:45	32.0	29.8	27.4	26.2
7/6/2002	187	17	42.3546	-93.5652	453455	4689298	12:01	30.0	31.3	28.3	26.9
7/6/2002	187	18	42.2524	-93.5548	454232	4677953	12:30	28.0	28.7	27.7	26.6
7/6/2002	187	19	42.1642	-93.5597	453770	4668159	12:55	36.0	38.7	32.5	29.1
7/6/2002	187	20	42.0928	-93.5354	455722	4660221	13:15	46.0	29.8	30.2	26.8
7/6/2002	187	21	41.9893	-93.5406	455224	4648728	13:30	34.0	37.8	33.7	31.0
7/6/2002	187	22	41.9422	-93.5406	455190	4643504	13:19	48.0	42.5	31.6	28.3
7/6/2002	187	23	41.8494	-93.5609	453441	4633206	13:00	48.0	42.6	34.4	32.3
7/6/2002	187	24	41.7610	-93.5683	452755	4623401	12:45	45.0	36.7	32.3	29.4
7/6/2002	187	25	42.6594	-93.4276	464957	4723079	10:40	51.0	37.0	28.7	26.5
7/6/2002	187	26	42.6006	-93.4200	465544	4716548	10:55	34.0	27.9	24.3	23.7
7/6/2002	187	27	42.5145	-93.4212	465401	4706992	11:20	28.0	29.3	24.1	23.3
7/6/2002	187	28	42.4395	-93.4248	465065	4698667	11:45	40.0	33.7	27.9	25.5
7/6/2002	187	29	42.3410	-93.4243	465049	4687723	12:05	31.0	28.9	26.2	24.8
7/6/2002	187	30	42.2560	-93.4249	464952	4678289	12:20	30.0	27.3	24.8	23.7
7/6/2002	187	31	42.1791	-93.4255	464859	4669750	12:45	32.0	30.8	25.7	24.3
7/6/2002	187	32	42.0929	-93.4258	464789	4660181	13:10	32.0	33.1	25.5	24.1
7/6/2002	187	33	41.9853	-93.4343	464023	4648237	13:25	32.0	29.7	26.1	24.1
7/6/2002	187	34	41.9279	-93.4488	462792	4641865	13:05	33.0	31.0	27.6	25.2
7/6/2002	187	35	41.8343	-93.4089	466048	4631463	12:40	38.0	40.5	36.2	27.6
7/6/2002	187	36	41.7878	-93.3875	467803	4626284	12:20	32.0	28.9	27.4	25.9
7/6/2002	187	38	42.5868	-93.2813	476915	4714967	10:45	28.0	28.1	25.4	23.9
7/6/2002	187	39	42.4956	-93.2951	475752	4704847	11:12	36.0	36.1	28.8	25.8
7/6/2002	187	40	42.4418	-93.2930	475905	4698872	11:31	24.0	26.2	25.1	24.5
7/6/2002	187	41	42.3535	-93.2952	475685	4689064	12:05	27.0	26.7	25.3	24.6
7/6/2002	187	42	42.2605	-93.3113	474321	4678745	12:30	31.0	31.7	27.6	26.9
7/6/2002	187	43	42.1739	-93.2906	476002	4669123	12:51	31.0	30.8	29.0	27.4
7/6/2002	187	44	42.0923	-93.2993	475249	4660063	13:16	36.0	34.5	29.2	26.6
7/6/2002	187	45	42.0024	-93.2904	475955	4650079	10:45	36.0	28.2	25.1	24.2
7/6/2002	187	46	41.9485	-93.2908	475896	4644094	11:05	31.0	29.5	27.2	25.3
7/6/2002	187	47	41.8489	-93.2904	475897	4633042	11:30	32.0	32.8	26.2	25.7
7/6/2002	187	48	41.7837	-93.3041	474733	4625801	11:55	36.0	31.2	27.7	26.2
7/7/2002	188	1	42.6599	-93.7174	441207	4723296	12:05	34.0	28.5	25.9	23.9
7/7/2002	188	2	42.5872	-93.7058	442086	4715215	12:25	28.0	27.5	25.9	24.5
7/7/2002	188	3	42.5066	-93.7192	440911	4706278	12:45	30.0	28.6	26.6	25.1
7/7/2002	188	4	42.4122	-93.7280	440099	4695803	13:15	37.0	28.4	26.2	25.5
7/7/2002	188	5	42.3417	-93.7287	439977	4687974	13:35	40.0	32.9	30.7	26.4
7/7/2002	188	6	42.2555	-93.6991	442333	4678376	13:55	36.0	36.9	30.8	27.0
7/7/2002	188	7	42.1703	-93.6990	442268	4668920	14:20	31.0	28.8	26.9	25.3
7/7/2002	188	8	42.0920	-93.7004	442082	4660226	14:40	40.0	23.8	29.8	28.2
7/7/2002	188	9	41.9792	-93.6981	442165	4647701	12:00	28.0	27.0	25.5	24.7
7/7/2002	188	10	41.9218	-93.6983	442096	4641330	12:10	30.0	28.0	25.9	25.1
7/7/2002	188	11	41.8490	-93.7196	440263	4633264	12:30	30.0	29.7	26.7	25.2
7/7/2002	188	12	41.7688	-93.6783	443620	4624330	12:50	33.0	31.0	27.8	26.5
7/7/2002	188	13	42.6658	-93.5280	456731	4723842	11:50	30.0	28.5	26.1	24.5
7/7/2002	188	14	42.5924	-93.5458	455217	4715697	12:20	31.0	41.2	34.5	27.8
7/7/2002	188	15	42.5126	-93.5491	454889	4706833	12:50	31.0	31.8	27.9	25.5
7/7/2002	188	16	42.4288	-93.5597	453962	4697543	13:30	31.5	34.0	30.8	27.3
7/7/2002	188	17	42.3546	-93.5652	453455	4689298	13:52	28.0	29.6	27.3	25.3
7/7/2002	188	18	42.2524	-93.5548	454232	4677953	14:22	29.5	31.2	27.8	25.8
7/7/2002	188	19	42.1642	-93.5597	453770	4668159	14:44	30.0	35.5	32.0	28.1
7/7/2002	188	20	42.0928	-93.5354	455722	4660221	15:09	32.0	35.5	30.7	28.2
7/7/2002	188	21	41.9893	-93.5406	455224	4648728	14:15	32.0	32.9	29.8	28.3
7/7/2002	188	22	41.9422	-93.5406	455190	4643504	13:50	33.0	30.8	27.2	25.8
7/7/2002	188	23	41.8494	-93.5609	453441	4633206	13:30	38.0	35.0	29.1	26.8
7/7/2002	188	24	41.7610	-93.5683	452755	4623401	13:14	40.0	36.8	30.7	28.0
7/7/2002	188	25	42.6594	-93.4276	464957	4723079	12:05	33.0	28.2	25.0	22.9
7/7/2002	188	26	42.6006	-93.4200	465544	4716548	12:35	33.0	29.7	25.5	23.7
7/7/2002	188	27	42.5145	-93.4212	465401	4706992	13:05	30.0	27.4	24.1	22.6
7/7/2002	188	28	42.4395	-93.4248	465065	4698667	13:30	34.0	32.4	28.3	26.5
7/7/2002	188	29	42.3410	-93.4243	465049	4687723	13:50	31.0	27.5	24.7	23.8
7/7/2002	188	30	42.2560	-93.4249	464952	4678289	14:10	30.0	28.1	24.8	23.3
7/7/2002	188	31	42.1791	-93.4255	464859	4669750	14:25	31.0	29.1	26.3	24.7
7/7/2002	188	32	42.0929	-93.4258	464789	4660181	14:55	30.0	28.3	26.1	24.4
7/7/2002	188	33	41.9853	-93.4343	464023	4648237	-999	29.0	27.9	25.0	23.4
7/7/2002	188	34	41.9279	-93.4488	462792	4641865	-999	28.0	27.8	24.8	23.7
7/7/2002	188	35	41.8343	-93.4089	466048	4631463	-999	36.0	35.2	29.8	26.3
7/7/2002	188	36	41.7878	-93.3875	467803	4626284	-999	30.0	28.2	25.3	23.9
7/7/2002	188	38	42.5868	-93.2813	476915	4714967	11:51	31.0	29.6	24.7	23.3
7/7/2002	188	39	42.4956	-93.2951	475752	4704847	12:14	33.0	33.5	30.0	25.6
7/7/2002	188	40	42.4418	-93.2930	475905	4698872	12:33	30.0	28.2	25.6	23.9
7/7/2002	188	41	42.3535	-93.2952	475685	4689064	12:57	27.0	28.4	26.0	24.2
7/7/2002	188	42	42.2605	-93.3113	474321	4678745	13:20	28.0	29.7	27.7	25.8
7/7/2002	188	43	42.1739	-93.2906	476002	4669123	13:42	29.0	31.0	27.8	26.4
7/7/2002	188	44	42.0923	-93.2993	475249	4660063	14:08	30.0	29.9	27.2	25.8
7/7/2002	188	45	42.0024	-93.2904	475955	4650079	12:00	30.0	28.6	23.4	22.8
7/7/2002	188	46	41.9485	-93.2908	475896	4644094	12:20	29.0	28.7	26.5	24.7
7/7/2002	188	47	41.8489	-93.2904	475897	4633042	12:59	26.0	27.2	25.9	26.7
7/7/2002	188	48	41.7837	-93.3041	474733	4625801	-999	25.0	25.8	24.8	24.3
7/8/2002	189	1	42.6599	-93.7174	441207	4723296	12:00	34.0	27.3	24.5	23.8
7/8/2002	189	2	42.5872	-93.7058	442086	4715215	12:30	30.0	27.9	25.9	25.1
7/8/2002	189	3	42.5066	-93.7192	440911	4706278	12:45	33.0	28.0	26.3	25.4
7/8/2002	189	4	42.4122	-93.7280	440099	4695803	13:08	32.0	30.2	26.9	25.7
7/8/2002	189	5	42.3417	-93.7287	439977	4687974	13:25	37.0	32.4	27.4	25.6
7/8/2002	189	6	42.2555	-93.6991	442333	4678376	13:48	30.0	30.6	27.7	25.8
7/8/2002	189	7	42.1703	-93.6990	442268	4668920	14:20	32.0	32.0	28.2	26.2
7/8/2002	189	8	42.0920	-93.7004	442082	4660226	14:40	34.0	37.1	31.8	28.3
7/8/2002	189	9	41.9792	-93.6981	442165	4647701	12:02	33.0	30.2	27.0	26.1
7/8/2002	189	10	41.9218	-93.6983	442096	4641330	12:20	37.0	34.9	28.4	26.5
7/8/2002	189	11	41.8490	-93.7196	440263	4633264	12:38	44.0	37.5	30.1	27.7
7/8/2002	189	12	41.7688	-93.6783	443620	4624330	13:00	33.0	31.9	29.3	27.7
7/8/2002	189	13	42.6658	-93.5280	456731	4723842	11:55	27.0	26.0	25.2	24.8
7/8/2002	189	14	42.5924	-93.5458	455217	4715697	12:20	37.0	35.9	30.7	27.5
7/8/2002	189	15	42.5126	-93.5491	454889	4706833	12:46	35.0	32.6	27.5	25.4
7/8/2002	189	16	42.4288	-93.5597	453962	4697543	13:08	34.0	30.5	28.4	27.3
7/8/2002	189	17	42.3546	-93.5652	453455	4689298	13:27	31.0	29.3	26.3	25.0
7/8/2002	189	18	42.2524	-93.5548	454232	4677953	13:50	33.0	32.5	29.6	27.5
7/8/2002	189	19	42.1642	-93.5597	453770	4668159	14:15	34.0	36.4	33.4	29.6
7/8/2002	189	20	42.0928	-93.5354	455722	4660221	14:40	40.0	37.9	31.5	28.0
7/8/2002	189	21	41.9893	-93.5406	455224	4648728	14:28	43.0	40.8	32.8	29.7
7/8/2002	189	22	41.9422	-93.5406	455190	4643504	14:00	40.0	34.8	29.0	27.1
7/8/2002	189	23	41.8494	-93.5609	453441	4633206	13:40	53.0	38.7	31.7	29.3
7/8/2002	189	24	41.7610	-93.5683	452755	4623401	13:23	54.0	43.2	35.4	32.1
7/8/2002	189	25	42.6594	-93.4276	464957	4723079	11:40	30.0	27.8	25.5	24.0
7/8/2002	189	26	42.6006	-93.4200	465544	4716548	12:05	30.0	27.7	25.7	24.7
7/8/2002	189	27	42.5145	-93.4212	465401	4706992	12:45	31.0	27.6	25.0	23.3
7/8/2002	189	28	42.4395	-93.4248	465065	4698667	13:10	36.0	32.5	29.3	26.6
7/8/2002	189	29	42.3410	-93.4243	465049	4687723	13:30	31.0	29.0	26.2	24.5
7/8/2002	189	30	42.2560	-93.4249	464952	4678289	13:55	30.0	29.1	26.1	24.5
7/8/2002	189	31	42.1791	-93.4255	464859	4669750	14:15	32.0	28.8	26.2	24.6
7/8/2002	189	32	42.0929	-93.4258	464789	4660181	14:40	33.0	29.4	27.0	25.3
7/8/2002	189	33	41.9853	-93.4343	464023	4648237	14:55	31.0	30.1	27.4	25.5
7/8/2002	189	34	41.9279	-93.4488	462792	4641865	14:35	31.0	30.4	27.0	25.1
7/8/2002	189	35	41.8343	-93.4089	466048	4631463	14:10	35.0	35.8	31.7	28.8
7/8/2002	189	36	41.7878	-93.3875	467803	4626284	13:50	31.0	29.4	27.5	26.0
7/8/2002	189	38	42.5868	-93.2813	476915	4714967	11:53	29.0	28.8	25.8	24.5
7/8/2002	189	39	42.4956	-93.2951	475752	4704847	12:20	33.0	31.2	28.4	26.3
7/8/2002	189	40	42.4418	-93.2930	475905	4698872	12:40	32.0	32.5	30.0	27.1
7/8/2002	189	41	42.3535	-93.2952	475685	4689064	13:04	28.0	29.0	27.0	25.5
7/8/2002	189	42	42.2605	-93.3113	474321	4678745	13:25	32.0	31.8	29.3	27.2
7/8/2002	189	43	42.1739	-93.2906	476002	4669123	13:45	32.0	33.6	30.0	28.2
7/8/2002	189	44	42.0923	-93.2993	475249	4660063	14:08	32.0	31.7	29.1	27.1
7/8/2002	189	45	42.0024	-93.2904	475955	4650079	12:10	30.0	29.0	25.8	24.3
7/8/2002	189	46	41.9485	-93.2908	475896	4644094	12:35	32.0	28.9	26.5	25.2
7/8/2002	189	47	41.8489	-93.2904	475897	4633042	13:00	32.0	30.8	27.9	26.4
7/8/2002	189	48	41.7837	-93.3041	474733	4625801	13:25	30.0	30.9	27.4	25.3
7/9/2002	190	1	42.6599	-93.7174	441207	4723296	11:51	33.0	26.0	24.1	23.3
7/9/2002	190	2	42.5872	-93.7058	442086	4715215	12:12	31.5	30.4	26.6	24.9
7/9/2002	190	3	42.5066	-93.7192	440911	4706278	12:34	31.0	28.3	26.1	25.3
7/9/2002	190	4	42.4122	-93.7280	440099	4695803	12:55	31.0	30.9	28.5	27.0
7/9/2002	190	5	42.3417	-93.7287	439977	4687974	13:20	33.0	33.7	31.0	27.7
7/9/2002	190	6	42.2555	-93.6991	442333	4678376	13:38	30.0	33.4	32.7	30.5
7/9/2002	190	7	42.1703	-93.6990	442268	4668920	13:57	33.0	30.9	29.2	28.1
7/9/2002	190	8	42.0920	-93.7004	442082	4660226	14:13	38.0	37.7	34.7	31.4
7/9/2002	190	9	41.9792	-93.6981	442165	4647701	12:00	33.0	29.6	27.7	26.1
7/9/2002	190	10	41.9218	-93.6983	442096	4641330	12:10	29.0	33.9	32.3	29.5
7/9/2002	190	11	41.8490	-93.7196	440263	4633264	12:40	33.0	37.4	33.7	29.6
7/9/2002	190	12	41.7688	-93.6783	443620	4624330	13:08	34.0	32.7	30.8	29.2
7/9/2002	190	13	42.6658	-93.5280	456731	4723842	11:55	28.0	27.3	25.9	25.0
7/9/2002	190	14	42.5924	-93.5458	455217	4715697	12:25	38.0	46.8	33.3	27.9
7/9/2002	190	15	42.5126	-93.5491	454889	4706833	12:50	37.0	31.2	27.9	26.3
7/9/2002	190	16	42.4288	-93.5597	453962	4697543	13:10	37.0	34.0	29.5	27.2
7/9/2002	190	17	42.3546	-93.5652	453455	4689298	13:28	28.0	27.9	26.3	25.3
7/9/2002	190	18	42.2524	-93.5548	454232	4677953	13:55	29.0	28.3	27.2	25.8
7/9/2002	190	19	42.1642	-93.5597	453770	4668159	14:17	34.0	35.2	31.8	29.7
7/9/2002	190	20	42.0928	-93.5354	455722	4660221	14:40	41.0	35.0	31.9	29.3
7/9/2002	190	21	41.9893	-93.5406	455224	4648728	14:45	36.0	37.4	35.2	32.2
7/9/2002	190	22	41.9422	-93.5406	455190	4643504	14:25	37.0	37.1	34.3	29.5
7/9/2002	190	23	41.8494	-93.5609	453441	4633206	13:58	54.0	39.4	35.1	32.1
7/9/2002	190	24	41.7610	-93.5683	452755	4623401	13:40	44.0	36.7	35.8	32.8
7/9/2002	190	25	42.6594	-93.4276	464957	4723079	11:50	33.0	29.0	26.8	24.2
7/9/2002	190	26	42.6006	-93.4200	465544	4716548	12:00	30.0	26.8	24.1	23.0
7/9/2002	190	27	42.5145	-93.4212	465401	4706992	12:45	30.0	27.5	25.0	23.4
7/9/2002	190	28	42.4395	-93.4248	465065	4698667	13:07	42.0	38.9	30.6	26.5
7/9/2002	190	29	42.3410	-93.4243	465049	4687723	13:35	30.0	29.6	27.4	25.7
7/9/2002	190	30	42.2560	-93.4249	464952	4678289	13:55	30.0	29.0	26.3	24.7
7/9/2002	190	31	42.1791	-93.4255	464859	4669750	14:20	30.0	28.5	25.8	24.8
7/9/2002	190	32	42.0929	-93.4258	464789	4660181	14:40	29.0	28.6	26.1	24.7
7/9/2002	190	33	41.9853	-93.4343	464023	4648237	15:00	29.0	29.2	27.0	25.8
7/9/2002	190	34	41.9279	-93.4488	462792	4641865	14:40	28.0	28.5	27.1	25.7
7/9/2002	190	35	41.8343	-93.4089	466048	4631463	14:20	27.0	32.1	29.0	26.8
7/9/2002	190	36	41.7878	-93.3875	467803	4626284	13:50	31.0	29.9	28.0	26.8
7/9/2002	190	38	42.5868	-93.2813	476915	4714967	11:47	31.0	27.6	24.9	23.7
7/9/2002	190	39	42.4956	-93.2951	475752	4704847	12:12	33.0	32.4	28.0	25.5
7/9/2002	190	40	42.4418	-93.2930	475905	4698872	12:29	34.0	33.1	30.0	26.2
7/9/2002	190	41	42.3535	-93.2952	475685	4689064	12:52	29.0	29.5	26.4	25.5
7/9/2002	190	42	42.2605	-93.3113	474321	4678745	13:16	28.0	29.4	27.8	26.3
7/9/2002	190	43	42.1739	-93.2906	476002	4669123	13:34	31.0	30.5	28.6	27.2
7/9/2002	190	44	42.0923	-93.2993	475249	4660063	13:58	29.0	30.1	27.6	26.2
7/9/2002	190	45	42.0024	-93.2904	475955	4650079	12:10	31.0	28.0	25.7	24.3
7/9/2002	190	46	41.9485	-93.2908	475896	4644094	12:30	30.0	28.5	26.5	25.7
7/9/2002	190	47	41.8489	-93.2904	475897	4633042	13:05	30.0	33.1	28.0	26.5
7/9/2002	190	48	41.7837	-93.3041	474733	4625801	13:25	30.0	29.4	27.4	26.0
7/10/2002	191	1	42.6599	-93.7174	441207	4723296	12:40	28.0	26.3	23.8	22.9
7/10/2002	191	2	42.5872	-93.7058	442086	4715215	13:00	29.0	26.3	24.3	23.1
7/10/2002	191	3	42.5066	-93.7192	440911	4706278	13:30	28.0	26.2	24.4	23.8
7/10/2002	191	4	42.4122	-93.7280	440099	4695803	13:55	31.0	27.0	25.2	24.4
7/10/2002	191	5	42.3417	-93.7287	439977	4687974	14:18	29.0	26.6	24.8	24.5
7/10/2002	191	6	42.2555	-93.6991	442333	4678376	14:40	27.0	26.4	25.4	24.5
7/10/2002	191	7	42.1703	-93.6990	442268	4668920	15:10	27.0	26.9	26.0	24.7
7/10/2002	191	8	42.0920	-93.7004	442082	4660226	15:30	32.0	28.6	27.3	26.5
7/10/2002	191	9	41.9792	-93.6981	442165	4647701	12:00	25.0	22.9	22.1	22.4
7/10/2002	191	10	41.9218	-93.6983	442096	4641330	12:10	26.0	25.2	23.1	23.4
7/10/2002	191	11	41.8490	-93.7196	440263	4633264	12:27	26.0	25.6	23.6	23.3
7/10/2002	191	12	41.7688	-93.6783	443620	4624330	12:54	30.0	27.6	26.0	25.7
7/10/2002	191	13	42.6658	-93.5280	456731	4723842	12:50	28.0	26.2	24.7	23.8
7/10/2002	191	14	42.5924	-93.5458	455217	4715697	13:20	30.0	31.3	29.3	26.9
7/10/2002	191	15	42.5126	-93.5491	454889	4706833	13:45	30.0	28.1	25.5	24.5
7/10/2002	191	16	42.4288	-93.5597	453962	4697543	14:05	28.0	29.0	26.6	24.7
7/10/2002	191	17	42.3546	-93.5652	453455	4689298	14:18	27.0	27.3	25.7	24.5
7/10/2002	191	18	42.2524	-93.5548	454232	4677953	14:44	28.0	26.4	25.1	23.8
7/10/2002	191	19	42.1642	-93.5597	453770	4668159	15:05	30.0	30.2	28.0	26.3
7/10/2002	191	20	42.0928	-93.5354	455722	4660221	15:25	32.0	35.4	30.6	27.6
7/10/2002	191	21	41.9893	-93.5406	455224	4648728	14:19	37.0	34.7	27.0	25.2
7/10/2002	191	22	41.9422	-93.5406	455190	4643504	14:01	27.0	26.5	24.0	23.8
7/10/2002	191	23	41.8494	-93.5609	453441	4633206	13:43	31.0	31.3	25.8	24.6
7/10/2002	191	24	41.7610	-93.5683	452755	4623401	13:19	32.0	30.3	26.1	25.4
7/10/2002	191	25	42.6594	-93.4276	464957	4723079	13:00	31.0	25.4	23.2	23.0
7/10/2002	191	26	42.6006	-93.4200	465544	4716548	13:35	27.0	26.0	23.9	22.8
7/10/2002	191	27	42.5145	-93.4212	465401	4706992	14:00	25.0	24.6	23.4	22.7
7/10/2002	191	28	42.4395	-93.4248	465065	4698667	14:30	29.0	27.3	26.1	24.5
7/10/2002	191	29	42.3410	-93.4243	465049	4687723	15:00	28.0	25.3	23.8	23.2
7/10/2002	191	30	42.2560	-93.4249	464952	4678289	15:25	26.0	25.4	24.1	22.8
7/10/2002	191	31	42.1791	-93.4255	464859	4669750	15:50	27.0	25.7	24.2	23.6
7/10/2002	191	32	42.0929	-93.4258	464789	4660181	16:15	25.0	24.3	23.5	23.0
7/10/2002	191	33	41.9853	-93.4343	464023	4648237	16:00	26.0	26.0	24.1	23.3
7/10/2002	191	34	41.9279	-93.4488	462792	4641865	15:35	26.0	25.4	24.1	23.4
7/10/2002	191	35	41.8343	-93.4089	466048	4631463	15:20	32.0	32.8	27.1	24.9
7/10/2002	191	36	41.7878	-93.3875	467803	4626284	14:30	25.0	-999	-999	-999
7/10/2002	191	38	42.5868	-93.2813	476915	4714967	13:05	27.0	26.4	24.4	23.1
7/10/2002	191	39	42.4956	-93.2951	475752	4704847	13:30	29.0	27.7	26.1	24.5
7/10/2002	191	40	42.4418	-93.2930	475905	4698872	13:50	30.0	30.5	28.2	25.1
7/10/2002	191	41	42.3535	-93.2952	475685	4689064	14:16	25.0	25.4	24.0	23.5
7/10/2002	191	42	42.2605	-93.3113	474321	4678745	14:39	27.0	28.2	27.1	25.5
7/10/2002	191	43	42.1739	-93.2906	476002	4669123	15:00	26.0	27.0	26.0	25.1
7/10/2002	191	44	42.0923	-93.2993	475249	4660063	15:26	25.0	26.5	25.5	24.6
7/10/2002	191	45	42.0024	-93.2904	475955	4650079	12:35	29.0	24.8	22.8	22.8
7/10/2002	191	46	41.9485	-93.2908	475896	4644094	12:55	27.0	25.1	23.6	23.3
7/10/2002	191	47	41.8489	-93.2904	475897	4633042	13:30	27.0	25.1	23.9	23.6
7/10/2002	191	48	41.7837	-93.3041	474733	4625801	13:35	25.0	24.5	23.4	23.6
7/11/2002	192	1	42.6599	-93.7174	441207	4723296	12:00	19.0	19.6	20.3	21.3
7/11/2002	192	2	42.5872	-93.7058	442086	4715215	12:30	19.0	19.5	20.2	21.2
7/11/2002	192	3	42.5066	-93.7192	440911	4706278	12:55	19.0	19.9	20.4	20.9
7/11/2002	192	4	42.4122	-93.7280	440099	4695803	13:15	20.0	20.6	21.2	21.6
7/11/2002	192	5	42.3417	-93.7287	439977	4687974	13:40	19.0	19.5	20.4	21.0
7/11/2002	192	6	42.2555	-93.6991	442333	4678376	14:05	20.0	20.2	21.3	22.0
7/11/2002	192	7	42.1703	-93.6990	442268	4668920	14:25	21.0	20.6	21.1	21.6
7/11/2002	192	8	42.0920	-93.7004	442082	4660226	14:48	20.0	22.8	23.2	23.1
7/11/2002	192	9	41.9792	-93.6981	442165	4647701	11:30	21.0	21.1	21.7	22.1
7/11/2002	192	10	41.9218	-93.6983	442096	4641330	11:44	21.0	21.0	21.6	22.0
7/11/2002	192	11	41.8490	-93.7196	440263	4633264	12:05	21.0	21.6	22.1	22.3
7/11/2002	192	12	41.7688	-93.6783	443620	4624330	12:23	20.0	21.3	22.6	23.5
7/11/2002	192	13	42.6658	-93.5280	456731	4723842	11:55	19.0	19.3	19.8	20.4
7/11/2002	192	14	42.5924	-93.5458	455217	4715697	12:20	18.0	19.6	20.2	20.8
7/11/2002	192	15	42.5126	-93.5491	454889	4706833	12:40	18.0	19.6	20.4	21.0
7/11/2002	192	16	42.4288	-93.5597	453962	4697543	12:55	20.0	20.6	21.3	21.7
7/11/2002	192	17	42.3546	-93.5652	453455	4689298	13:15	19.0	19.7	20.2	20.8
7/11/2002	192	18	42.2524	-93.5548	454232	4677953	13:40	19.0	20.3	21.0	21.4
7/11/2002	192	19	42.1642	-93.5597	453770	4668159	14:00	20.0	20.1	21.1	21.7
7/11/2002	192	20	42.0928	-93.5354	455722	4660221	14:25	21.0	21.6	21.7	22.0
7/11/2002	192	21	41.9893	-93.5406	455224	4648728	13:42	23.0	23.0	22.8	22.8
7/11/2002	192	22	41.9422	-93.5406	455190	4643504	13:28	22.0	22.0	22.2	22.8
7/11/2002	192	23	41.8494	-93.5609	453441	4633206	12:56	21.0	21.4	21.7	22.2
7/11/2002	192	24	41.7610	-93.5683	452755	4623401	12:40	22.0	21.9	22.0	22.4
7/11/2002	192	25	42.6594	-93.4276	464957	4723079	11:50	17.0	18.8	19.8	20.6
7/11/2002	192	26	42.6006	-93.4200	465544	4716548	12:15	17.0	18.7	19.4	20.1
7/11/2002	192	27	42.5145	-93.4212	465401	4706992	13:00	19.0	18.7	19.2	20.1
7/11/2002	192	28	42.4395	-93.4248	465065	4698667	13:35	18.0	19.3	20.2	20.9
7/11/2002	192	29	42.3410	-93.4243	465049	4687723	14:00	19.0	19.7	20.3	21.0
7/11/2002	192	30	42.2560	-93.4249	464952	4678289	14:25	19.0	19.2	20.1	20.5
7/11/2002	192	31	42.1791	-93.4255	464859	4669750	14:50	21.0	20.3	20.9	21.4
7/11/2002	192	32	42.0929	-93.4258	464789	4660181	15:15	21.0	20.3	21.1	21.6
7/11/2002	192	33	41.9853	-93.4343	464023	4648237	14:55	20.0	20.3	20.9	21.4
7/11/2002	192	34	41.9279	-93.4488	462792	4641865	14:35	21.0	20.5	21.0	21.3
7/11/2002	192	35	41.8343	-93.4089	466048	4631463	14:05	23.0	22.1	21.5	22.0
7/11/2002	192	36	41.7878	-93.3875	467803	4626284	13:35	22.0	21.7	21.7	22.0
7/11/2002	192	38	42.5868	-93.2813	476915	4714967	11:47	17.0	18.8	19.3	20.0
7/11/2002	192	39	42.4956	-93.2951	475752	4704847	12:15	17.0	19.4	20.2	20.9
7/11/2002	192	40	42.4418	-93.2930	475905	4698872	12:36	18.0	19.8	20.1	20.9
7/11/2002	192	41	42.3535	-93.2952	475685	4689064	13:01	18.0	19.9	20.3	20.8
7/11/2002	192	42	42.2605	-93.3113	474321	4678745	-999	-999	-999	-999	-999
7/11/2002	192	43	42.1739	-93.2906	476002	4669123	13:33	19.0	20.6	21.2	21.6
7/11/2002	192	44	42.0923	-93.2993	475249	4660063	13:58	20.0	20.8	21.3	21.7
7/11/2002	192	45	42.0024	-93.2904	475955	4650079	12:00	25.0	20.6	21.2	21.6
7/11/2002	192	46	41.9485	-93.2908	475896	4644094	12:20	23.0	21.6	21.9	22.1
7/11/2002	192	47	41.8489	-93.2904	475897	4633042	12:40	20.0	20.5	21.1	21.4
7/11/2002	192	48	41.7837	-93.3041	474733	4625801	13:05	21.0	20.9	21.4	21.8
7/12/2002	193	1	42.6599	-93.7174	441207	4723296	8:25	18.0	17.7	18.7	19.2
7/12/2002	193	2	42.5872	-93.7058	442086	4715215	8:45	18.0	18.3	18.8	19.6
7/12/2002	193	3	42.5066	-93.7192	440911	4706278	9:10	18.0	18.7	18.8	19.2
7/12/2002	193	4	42.4122	-93.7280	440099	4695803	9:30	20.0	19.5	19.5	20.0
7/12/2002	193	5	42.3417	-93.7287	439977	4687974	9:55	21.0	20.5	20.0	20.2
7/12/2002	193	6	42.2555	-93.6991	442333	4678376	10:15	21.0	21.0	20.0	20.2
7/12/2002	193	7	42.1703	-93.6990	442268	4668920	10:40	23.0	20.9	20.2	20.4
7/12/2002	193	8	42.0920	-93.7004	442082	4660226	10:55	29.0	24.8	21.7	21.1
7/12/2002	193	9	41.9792	-93.6981	442165	4647701	8:50	21.0	20.1	20.2	20.8
7/12/2002	193	10	41.9218	-93.6983	442096	4641330	9:08	21.0	20.6	20.2	20.3
7/12/2002	193	11	41.8490	-93.7196	440263	4633264	9:25	20.0	20.1	20.0	20.3
7/12/2002	193	12	41.7688	-93.6783	443620	4624330	9:45	20.0	20.1	20.5	20.8
7/12/2002	193	13	42.6658	-93.5280	456731	4723842	8:30	18.0	18.9	18.9	19.2
7/12/2002	193	14	42.5924	-93.5458	455217	4715697	8:55	18.0	18.7	18.8	19.3
7/12/2002	193	15	42.5126	-93.5491	454889	4706833	9:15	20.0	19.6	19.4	19.8
7/12/2002	193	16	42.4288	-93.5597	453962	4697543	9:35	20.0	20.0	19.7	19.9
7/12/2002	193	17	42.3546	-93.5652	453455	4689298	10:00	20.0	19.6	19.2	19.5
7/12/2002	193	18	42.2524	-93.5548	454232	4677953	10:20	21.0	21.0	20.0	19.9
7/12/2002	193	19	42.1642	-93.5597	453770	4668159	10:40	23.0	23.1	20.9	20.4
7/12/2002	193	20	42.0928	-93.5354	455722	4660221	11:00	23.0	24.0	22.0	21.1
7/12/2002	193	21	41.9893	-93.5406	455224	4648728	11:05	23.0	22.7	21.2	20.9
7/12/2002	193	22	41.9422	-93.5406	455190	4643504	10:50	22.0	21.6	21.1	21.2
7/12/2002	193	23	41.8494	-93.5609	453441	4633206	10:30	23.0	22.0	20.9	20.8
7/12/2002	193	24	41.7610	-93.5683	452755	4623401	10:08	23.0	23.1	20.9	20.7
7/12/2002	193	25	42.6594	-93.4276	464957	4723079	8:35	16.0	17.4	17.7	18.6
7/12/2002	193	26	42.6006	-93.4200	465544	4716548	9:05	18.0	18.6	18.7	19.2
7/12/2002	193	27	42.5145	-93.4212	465401	4706992	9:30	19.0	18.8	18.7	19.0
7/12/2002	193	28	42.4395	-93.4248	465065	4698667	9:55	20.0	20.2	19.2	19.5
7/12/2002	193	29	42.3410	-93.4243	465049	4687723	10:25	22.0	21.7	20.0	19.8
7/12/2002	193	30	42.2560	-93.4249	464952	4678289	11:00	22.0	20.8	19.7	19.8
7/12/2002	193	31	42.1791	-93.4255	464859	4669750	11:20	23.0	22.8	20.6	20.3
7/12/2002	193	32	42.0929	-93.4258	464789	4660181	11:45	23.0	21.8	20.6	20.4
7/12/2002	193	33	41.9853	-93.4343	464023	4648237	12:00	25.0	22.4	20.4	20.1
7/12/2002	193	34	41.9279	-93.4488	462792	4641865	11:40	23.0	21.5	20.1	20.1
7/12/2002	193	35	41.8343	-93.4089	466048	4631463	11:15	30.0	23.2	20.6	20.4
7/12/2002	193	36	41.7878	-93.3875	467803	4626284	10:55	25.0	21.3	20.6	20.4
7/12/2002	193	38	42.5868	-93.2813	476915	4714967	8:22	16.0	17.8	18.4	19.0
7/12/2002	193	39	42.4956	-93.2951	475752	4704847	8:51	19.0	19.8	19.5	20.1
7/12/2002	193	40	42.4418	-93.2930	475905	4698872	9:10	19.0	19.7	18.7	19.2
7/12/2002	193	41	42.3535	-93.2952	475685	4689064	9:35	21.0	20.8	19.6	19.7
7/12/2002	193	42	42.2605	-93.3113	474321	4678745	10:00	19.0	20.5	19.6	19.7
7/12/2002	193	43	42.1739	-93.2906	476002	4669123	10:21	23.0	22.4	21.4	20.9
7/12/2002	193	44	42.0923	-93.2993	475249	4660063	10:46	23.0	23.0	21.2	20.8
7/12/2002	193	45	42.0024	-93.2904	475955	4650079	8:40	19.0	18.4	19.2	20.0
7/12/2002	193	46	41.9485	-93.2908	475896	4644094	9:15	20.0	19.8	20.0	20.5
7/12/2002	193	47	41.8489	-93.2904	475897	4633042	9:40	21.0	20.0	19.9	20.2
7/12/2002	193	48	41.7837	-93.3041	474733	4625801	10:10	22.0	20.3	20.2	20.6
