Sample ID	Day of Year	Depth	Wet weight	Wet soil weight	Dry weight	Net dry weight of soil	Weight H2O	GSM		Bulk Density		Bulk densities by layer:							
		(cm)	(g)	(g)	(g)	(g)	(g)	(%)		(g/cm3)		Day of Year	0.5 cm	1.5 cm	2.5 cm	3.5 cm	4.5 cm	5.5 cm	
626-1511	177	0.5	36.656	29.355	35.481	28.678	0.677	2.36		1.252		177	1.252	1.268	1.165	1.362	1.241	1.303	
626-1512	177	1.5	37.175	29.874	35.843	29.040	0.834	2.87		1.268		178	0.960	1.255	1.228	1.302	1.097	1.427	
626-1513	177	2.5	35.165	27.864	33.483	26.680	1.184	4.44		1.165		179	1.164	1.281	1.113	1.122	1.125	1.266	
626-1514	177	3.5	40.601	33.300	37.994	31.191	2.109	6.76		1.362		179	1.136	1.199	1.015	1.066	1.010	1.120	
626-1515	177	4.5	39.990	32.689	35.228	28.425	4.264	15.00		1.241		179	1.197	0.945	1.174	1.301	1.526	1.352	
626-1516	177	5.5	39.689	32.388	36.641	29.838	2.550	8.55		1.303		189	1.176	1.312	1.243	1.110	1.042	1.516	
									Core Mean -->	1.265		Means	1.148	1.210	1.156	1.211	1.173	1.331	1.205
																			
627-1531	178	0.5	30.218	22.917	28.795	21.992	0.925	4.21		0.960									
627-1532	178	1.5	37.430	30.129	35.552	28.749	1.380	4.80		1.255									
627-1533	178	2.5	37.417	30.116	34.923	28.120	1.996	7.10		1.228									
627-1534	178	3.5	39.985	32.684	36.613	29.810	2.874	9.64		1.302									
627-1535	178	4.5	35.034	27.733	31.922	25.119	2.614	10.41		1.097									
627-1536	178	5.5	43.243	35.942	39.489	32.686	3.256	9.96		1.427									
									Core Mean -->	1.211	
											
628-1521	179	0.5	34.703	27.402	33.461	26.658	0.744	2.79		1.164	
628-1522	179	1.5	37.471	30.170	36.147	29.344	0.826	2.82		1.281	
628-1523	179	2.5	33.801	26.500	32.290	25.487	1.013	3.98		1.113	
628-1524	179	3.5	34.600	27.299	32.501	25.698	1.601	6.23		1.122	
628-1525	179	4.5	35.514	28.213	32.571	25.768	2.445	9.49		1.125	
628-1526	179	5.5	39.401	32.100	35.801	28.998	3.102	10.70		1.266	
									Core Mean -->	1.179	
											
628-1551	179	0.5	34.443	27.142	32.819	26.016	1.126	4.33		1.136	
628-1552	179	1.5	36.465	29.164	34.263	27.460	1.704	6.21		1.199	
628-1553	179	2.5	32.450	25.149	30.038	23.235	1.914	8.24		1.015	
628-1554	179	3.5	34.404	27.103	31.225	24.422	2.681	10.98		1.066	
628-1555	179	4.5	33.400	26.099	29.940	23.137	2.962	12.80		1.010	
628-1556	179	5.5	36.020	28.719	32.455	25.652	3.067	11.96		1.120	
									Core Mean -->	1.091	
											
628-1561	179	0.5	35.407	28.106	34.227	27.424	0.682	2.49		1.197	
628-1562	179	1.5	30.930	23.629	28.441	21.638	1.991	9.20		0.945	
628-1563	179	2.5	36.277	28.976	33.682	26.879	2.097	7.80		1.174	
628-1564	179	3.5	39.955	32.654	36.607	29.804	2.850	9.56		1.301	
628-1565	179	4.5	45.557	38.256	41.745	34.942	3.314	9.49		1.526	
628-1566	179	5.5	41.461	34.160	37.768	30.965	3.195	10.32		1.352	
									Core Mean -->	1.249	
											
708-1521	189	0.5	38.292	30.991	33.746	26.943	4.048	15.03		1.176	
708-1522	189	1.5	41.748	34.447	36.845	30.042	4.405	14.66		1.312	
708-1523	189	2.5	40.053	32.752	35.270	28.467	4.285	15.05		1.243	
708-1524	189	3.5	36.264	28.963	32.222	25.419	3.544	13.94		1.110	
708-1525	189	4.5	34.250	26.949	30.664	23.861	3.088	12.94		1.042	
708-1526	189	5.5	45.730	38.429	41.527	34.724	3.705	10.67		1.516	
									Core Mean -->	1.233	

											
											
