Sample ID	Day of Year	Depth	Site	Location	Wet weight	Wet soil weight	Dry weight	Net dry weight of soil	Dry tare weight	Weight H2O	GSM	Core Mean									
		(cm)			(g)	(g)	(g)	(g)	(g)	(g)	(%)	GSM (%)									
625-1511	176	0.5	15	1	36.944	27.105	36.006	26.665	9.341	0.440	1.65										
625-1512	176	1.5	15	1	33.258	23.160	32.241	22.641	9.600	0.519	2.29										
625-1513	176	2.5	15	1	33.979	23.977	32.711	23.207	9.504	0.770	3.32										
625-1514	176	3.5	15	1	33.273	23.437	31.272	21.934	9.338	1.503	6.85										
625-1515	176	4.5	15	1	37.498	27.603	34.559	25.162	9.397	2.441	9.70										
625-1516	176	5.5	15	1	32.424	22.516	29.771	20.361	9.410	2.155	10.59	5.73									
625-1521	176	0.5	15	2	34.136	24.067	33.051	23.480	9.571	0.587	2.50										
625-1522	176	1.5	15	2	35.862	25.897	34.453	24.986	9.467	0.911	3.65										
625-1523	176	2.5	15	2	32.918	23.175	31.791	22.546	9.245	0.629	2.79										
625-1524	176	3.5	15	2	34.298	24.522	32.682	23.404	9.278	1.118	4.78										
625-1525	176	4.5	15	2	31.879	22.149	29.748	20.516	9.232	1.633	7.96										
625-1526	176	5.5	15	2	39.636	29.656	36.079	26.597	9.482	3.059	11.50	5.53									
625-1531	176	0.5	15	3	37.535	27.712	36.237	26.912	9.325	0.800	2.97										
625-1532	176	1.5	15	3	36.733	26.857	35.003	25.625	9.378	1.232	4.81										
625-1533	176	2.5	15	3	37.202	27.232	34.762	25.290	9.472	1.942	7.68																																																			
625-1534	176	3.5	15	3	35.708	25.858	33.398	24.046	9.352	1.812	7.54																																																			
625-1535	176	4.5	15	3	40.476	30.808	37.331	28.161	9.170	2.647	9.40																																																			
625-1536	176	5.5	15	3	44.815	35.029	41.256	31.968	9.288	3.061	9.58	7.00																																																		
625-1541	176	0.5	15	4	30.103	20.404	28.884	19.683	9.201	0.721	3.66																																																			
625-1542	176	1.5	15	4	33.628	23.881	32.209	22.960	9.249	0.921	4.01																																																			
625-1543	176	2.5	15	4	37.407	27.646	35.628	26.365	9.263	1.281	4.86																																																			
625-1544	176	3.5	15	4	31.807	21.443	29.572	19.706	9.866	1.737	8.82																																																			
625-1545	176	4.5	15	4	35.946	26.104	32.578	23.234	9.344	2.870	12.35																																																			
625-1546	176	5.5	15	4	40.771	31.018	36.406	27.151	9.255	3.867	14.24	7.99																																																		
625-1551	176	0.5	15	5	33.571	23.427	32.038	22.392	9.646	1.035	4.62																																																			
625-1552	176	1.5	15	5	37.121	27.243	34.850	25.470	9.380	1.773	6.96																																																			
625-1553	176	2.5	15	5	52.140	42.382	46.976	37.716	9.260	4.666	12.37																																																			
625-1554	176	3.5	15	5	50.037	40.286	44.610	35.357	9.253	4.929	13.94																																																			
625-1555	176	4.5	15	5	35.794	26.180	32.106	22.990	9.116	3.190	13.88																																																			
625-1556	176	5.5	15	5	54.074	44.261	48.419	39.104	9.315	5.157	13.19	10.83																																																		
625-1561	176	0.5	15	6	37.088	27.254	35.840	26.504	9.336	0.750	2.83					
625-1562	176	1.5	15	6	36.006	26.182	34.352	25.026	9.326	1.156	4.62					
625-1563	176	2.5	15	6	49.083	39.351	46.501	37.267	9.234	2.084	5.59					
625-1564	176	3.5	15	6	47.853	38.059	44.004	34.708	9.296	3.351	9.66					
625-1565	176	4.5	15	6	45.822	35.975	42.242	32.893	9.349	3.082	9.37					
625-1566	176	5.5	15	6	44.299	34.330	41.377	31.906	9.471	2.424	7.60	6.61				
Daily average			15		38.365	28.505	35.860	26.498	9.361	2.007	7.282					
626-1511	177	0.5	15	6	36.656	29.355	35.481	28.678	6.803	0.677	2.36					
626-1512	177	1.5	15	6	37.175	29.874	35.843	29.040	6.803	0.834	2.87					
626-1513	177	2.5	15	6	35.165	27.864	33.483	26.680	6.803	1.184	4.44					
626-1514	177	3.5	15	6	40.601	33.300	37.994	31.191	6.803	2.109	6.76					
626-1515	177	4.5	15	6	39.990	32.689	35.228	28.425	6.803	4.264	15.00					
626-1516	177	5.5	15	6	39.689	32.388	36.641	29.838	6.803	2.550	8.55	6.66				
626-1521	177	0.5	15	5	37.820	30.519	36.202	29.399	6.803	1.120	3.81					
626-1522	177	1.5	15	5	34.886	27.585	33.018	26.215	6.803	1.370	5.23					
626-1523	177	2.5	15	5	37.746	30.445	35.159	28.356	6.803	2.089	7.37					
626-1524	177	3.5	15	5	38.185	30.884	34.473	27.670	6.803	3.214	11.62					
626-1525	177	4.5	15	5	34.588	27.287	30.889	24.086	6.803	3.201	13.29					
626-1526	177	5.5	15	5	37.961	30.660	33.821	27.018	6.803	3.642	13.48	9.13				
626-1531	177	0.5	15	4	27.955	20.654	26.528	19.725	6.803	0.929	4.71					
626-1532	177	1.5	15	4	31.187	23.886	29.337	22.534	6.803	1.352	6.00					
626-1533	177	2.5	15	4	30.750	23.449	27.984	21.181	6.803	2.268	10.71					
626-1534	177	3.5	15	4	31.420	24.119	28.515	21.712	6.803	2.407	11.09					
626-1535	177	4.5	15	4	33.426	26.125	29.626	22.823	6.803	3.302	14.47					
626-1536	177	5.5	15	4	35.466	28.165	31.463	24.660	6.803	3.505	14.21	10.20				
626-1541	177	0.5	15	3	28.312	21.011	24.731	17.928	6.803	3.083	17.20					
626-1542	177	1.5	15	3	36.856	29.555	33.968	27.165	6.803	2.390	8.80					
626-1543	177	2.5	15	3	38.198	30.897	35.441	28.638	6.803	2.259	7.89					
626-1544	177	3.5	15	3	35.997	28.696	33.285	26.482	6.803	2.214	8.36					
626-1545	177	4.5	15	3	32.851	25.550	29.877	23.074	6.803	2.476	10.73					
626-1546	177	5.5	15	3	35.880	28.579	32.961	26.158	6.803	2.421	9.26	10.37				
626-1551	177	0.5	15	2	31.082	23.781	28.910	22.107	6.803	1.674	7.57					
626-1552	177	1.5	15	2	35.209	27.908	33.931	27.128	6.803	0.780	2.88					
626-1553	177	2.5	15	2	22.883	15.582	21.789	14.986	6.803	0.596	3.98					
626-1554	177	3.5	15	2	26.851	19.550	24.973	18.170	6.803	1.380	7.60					
626-1555	177	4.5	15	2	38.311	31.010	35.201	28.398	6.803	2.612	9.20					
626-1556	177	5.5	15	2	40.823	33.522	37.417	30.614	6.803	2.908	9.50	6.79				
626-1561	177	0.5	15	1	30.505	23.204	28.165	21.362	6.803	1.842	8.62					
626-1562	177	1.5	15	1	33.135	25.834	31.467	24.664	6.803	1.170	4.75					
626-1563	177	2.5	15	1	32.658	25.357	30.739	23.936	6.803	1.421	5.94					
626-1564	177	3.5	15	1	43.458	36.157	39.804	33.001	6.803	3.156	9.56					
626-1565	177	4.5	15	1	37.132	29.831	34.020	27.217	6.803	2.614	9.61					
626-1566	177	5.5	15	1	46.185	38.884	41.820	35.017	6.803	3.867	11.04	8.25				
Daily average			15		35.194	27.893	32.505	25.702		2.191	8.568					
627-1511	178	0.5	15	1	30.339	23.038	28.989	22.186		0.852	3.84					
627-1512	178	1.5	15	1	30.568	23.267	29.108	22.305		0.962	4.31					
627-1513	178	2.5	15	1	39.810	32.509	37.713	30.910		1.599	5.17					
627-1514	178	3.5	15	1	37.266	29.965	32.359	25.556		4.409	17.25					
627-1515	178	4.5	15	1	37.946	30.645	32.293	25.490		5.155	20.23					
627-1516	178	5.5	15	1	47.926	40.625	43.405	36.602		4.023	10.99	10.30				
627-1521	178	0.5	15	2	34.067	26.766	31.885	25.082		1.684	6.72					
627-1522	178	1.5	15	2	35.365	28.064	33.527	26.724		1.340	5.02					
627-1523	178	2.5	15	2	38.517	31.216	36.051	29.248		1.968	6.73					
627-1524	178	3.5	15	2	36.820	29.519	33.801	26.998		2.521	9.34					
627-1525	178	4.5	15	2	42.342	35.041	38.176	31.373		3.668	11.69					
627-1526	178	5.5	15	2	38.706	31.405	34.412	27.609		3.796	13.75	8.87				
627-1531	178	0.5	15	3	30.218	22.917	28.795	21.992		0.925	4.21					
627-1532	178	1.5	15	3	37.430	30.129	35.552	28.749		1.380	4.80					
627-1533	178	2.5	15	3	37.417	30.116	34.923	28.120		1.996	7.10					
627-1534	178	3.5	15	3	39.985	32.684	36.613	29.810		2.874	9.64					
627-1535	178	4.5	15	3	35.034	27.733	31.922	25.119		2.614	10.41					
627-1536	178	5.5	15	3	43.243	35.942	39.489	32.686		3.256	9.96	7.69				
627-1541	178	0.5	15	4	29.767	22.466	28.122	21.319		1.147	5.38					
627-1542	178	1.5	15	4	33.945	26.644	31.581	24.778		1.866	7.53					
627-1543	178	2.5	15	4	30.272	22.971	27.893	21.090		1.881	8.92						
627-1544	178	3.5	15	4	30.818	23.517	27.663	20.860		2.657	12.74						
627-1545	178	4.5	15	4	38.174	30.873	33.692	26.889		3.984	14.82						
627-1546	178	5.5	15	4	34.638	27.337	30.618	23.815		3.522	14.79	10.70					
627-1551	178	0.5	15	5	38.502	31.201	36.550	29.747		1.454	4.89						
627-1552	178	1.5	15	5	35.906	28.605	33.660	26.857		1.748	6.51						
627-1553	178	2.5	15	5	38.812	31.511	35.957	29.154		2.357	8.09						
627-1554	178	3.5	15	5	36.295	28.994	32.734	25.931		3.063	11.81						
627-1555	178	4.5	15	5	39.547	32.246	35.292	28.489		3.757	13.19						
627-1556	178	5.5	15	5	38.142	30.841	34.223	27.420		3.421	12.48	9.49					
627-1561	178	0.5	15	6	34.746	27.445	33.417	26.614		0.831	3.12						
627-1562	178	1.5	15	6	42.721	35.420	40.708	33.905		1.515	4.47						
627-1563	178	2.5	15	6	33.191	25.890	31.444	24.641		1.249	5.07						
627-1564	178	3.5	15	6	41.118	33.817	38.192	31.389		2.428	7.74						
627-1565	178	4.5	15	6	47.576	40.275	43.406	36.603		3.672	10.03						
627-1566	178	5.5	15	6	39.004	31.703	31.866	25.063		X	X	6.09					
Daily average			15		37.116	29.815	34.056	27.253		2.445	8.935					
628-1511	179	0.5	15	1	35.768	28.467	34.274	27.471		0.996	3.63					
628-1512	179	1.5	15	1	35.984	28.683	33.534	26.731		1.952	7.30					
628-1513	179	2.5	15	1	36.033	28.732	34.269	27.466		1.266	4.61					
628-1514	179	3.5	15	1	33.730	26.429	31.656	24.853		1.576	6.34					
628-1515	179	4.5	15	1	37.604	30.303	34.696	27.893		2.410	8.64					
628-1516	179	5.5	15	1	38.098	30.797	34.859	28.056		2.741	9.77	6.72				
628-1521	179	0.5	15	2	34.703	27.402	33.461	26.658		0.744	2.79					
628-1522	179	1.5	15	2	37.471	30.170	36.147	29.344		0.826	2.82					
628-1523	179	2.5	15	2	33.801	26.500	32.290	25.487		1.013	3.98					
628-1524	179	3.5	15	2	34.600	27.299	32.501	25.698		1.601	6.23					
628-1525	179	4.5	15	2	35.514	28.213	32.571	25.768		2.445	9.49					
628-1526	179	5.5	15	2	39.401	32.100	35.801	28.998		3.102	10.70	6.00				
628-1531	179	0.5	15	3	29.198	21.897	28.223	21.420		0.477	2.23					
628-1532	179	1.5	15	3	44.241	36.940	42.255	35.452		1.488	4.20					
628-1533	179	2.5	15	3	44.562	37.261	41.877	35.074		2.187	6.24					
628-1534	179	3.5	15	3	32.844	25.543	30.294	23.491		2.052	8.74					
628-1535	179	4.5	15	3	47.568	40.267	43.285	36.482		3.785	10.38					
628-1536	179	5.5	15	3	22.019	14.718	18.059	11.256		X	X	6.36				
628-1541	179	0.5	15	4	28.595	21.294	27.373	20.570		0.724	3.52					
628-1542	179	1.5	15	4	29.965	22.664	27.587	20.784		1.880	9.05					
628-1543	179	2.5	15	4	30.746	23.445	28.946	22.143		1.302	5.88					
628-1544	179	3.5	15	4	26.592	19.291	24.743	17.940		1.351	7.53					
628-1545	179	4.5	15	4	31.852	24.551	29.148	22.345		2.206	9.87					
628-1546	179	5.5	15	4	35.142	27.841	31.829	25.026		2.815	11.25	7.85				
628-1551	179	0.5	15	5	34.443	27.142	32.819	26.016		1.126	4.33					
628-1552	179	1.5	15	5	36.465	29.164	34.263	27.460		1.704	6.21					
628-1553	179	2.5	15	5	32.450	25.149	30.038	23.235		1.914	8.24					
628-1554	179	3.5	15	5	34.404	27.103	31.225	24.422		2.681	10.98					
628-1555	179	4.5	15	5	33.400	26.099	29.940	23.137		2.962	12.80					
628-1556	179	5.5	15	5	36.020	28.719	32.455	25.652		3.067	11.96	9.09				
628-1561	179	0.5	15	6	35.407	28.106	34.227	27.424		0.682	2.49					
628-1562	179	1.5	15	6	30.930	23.629	28.441	21.638		1.991	9.20					
628-1563	179	2.5	15	6	36.277	28.976	33.682	26.879		2.097	7.80					
628-1564	179	3.5	15	6	39.955	32.654	36.607	29.804		2.850	9.56					
628-1565	179	4.5	15	6	45.557	38.256	41.745	34.942		3.314	9.49					
628-1566	179	5.5	15	6	41.461	34.160	37.768	30.965		3.195	10.32	8.14				
Daily average			15		35.356	28.055	32.858	26.055		1.958	7.387					
701-1511	182	0.5	15	1	28.773	21.472	27.764	20.961		0.511	2.44					
701-1512	182	1.5	15	1	23.743	16.442	22.775	15.972		0.470	2.94					
701-1513	182	2.5	15	1	25.306	18.005	24.049	17.246		0.759	4.40					
701-1514	182	3.5	15	1	28.348	21.047	26.616	19.813		1.234	6.23					
701-1515	182	4.5	15	1	36.546	29.245	33.912	27.109		2.136	7.88					
701-1516	182	5.5	15	1	39.241	31.940	36.626	29.823		2.117	7.10	5.17				
701-1521	182	0.5	15	2	35.346	28.045	33.447	26.644		1.401	5.26					
701-1522	182	1.5	15	2	33.126	25.825	32.060	25.257		0.568	2.25					
701-1523	182	2.5	15	2	32.441	25.140	31.292	24.489		0.651	2.66					
701-1524	182	3.5	15	2	31.904	24.603	30.472	23.669		0.934	3.95					
701-1525	182	4.5	15	2	32.185	24.884	30.571	23.768		1.116	4.70					
701-1526	182	5.5	15	2	49.360	42.059	46.277	39.474		2.585	6.55	4.23				
701-1531	182	0.5	15	3	36.243	28.942	35.349	28.546		0.396	1.39					
701-1532	182	1.5	15	3	31.915	24.614	30.849	24.046		0.568	2.36					
701-1533	182	2.5	15	3	30.234	22.933	29.243	22.440		0.493	2.20					
701-1534	182	3.5	15	3	33.405	26.104	32.172	25.369		0.735	2.90					
701-1535	182	4.5	15	3	34.787	27.486	33.274	26.471		1.015	3.84					
701-1536	182	5.5	15	3	35.404	28.103	33.848	27.045		1.058	3.91	2.77				
701-1541	182	0.5	15	4	33.221	25.920	31.025	24.222		1.698	7.01					
701-1542	182	1.5	15	4	29.692	22.391	28.550	21.747		0.644	2.96					
701-1543	182	2.5	15	4	31.524	24.223	30.135	23.332		0.891	3.82					
701-1544	182	3.5	15	4	38.792	31.491	36.823	30.020		1.471	4.90					
701-1545	182	4.5	15	4	34.669	27.368	32.632	25.829		1.539	5.96					
701-1546	182	5.5	15	4	33.791	26.490	31.545	24.742		1.748	7.07	5.29				
701-1551	182	0.5	15	5	28.401	21.100	27.009	20.206		0.894	4.43					
701-1552	182	1.5	15	5	41.009	33.708	39.256	32.453		1.255	3.87					
701-1553	182	2.5	15	5	34.552	27.251	32.646	25.843		1.408	5.45					
701-1554	182	3.5	15	5	35.828	28.527	33.624	26.821		1.706	6.36					
701-1555	182	4.5	15	5	36.373	29.072	33.352	26.549		2.523	9.50					
701-1556	182	5.5	15	5	47.976	40.675	43.405	36.602		4.073	11.13	6.79				
701-1561	182	0.5	15	6	35.475	28.174	34.535	27.732		0.442	1.59					
701-1562	182	1.5	15	6	34.773	27.472	33.495	26.692		0.780	2.92					
701-1563	182	2.5	15	6	34.252	26.951	32.486	25.683		1.268	4.94					
701-1564	182	3.5	15	6	42.145	34.844	39.561	32.758		2.086	6.37					
701-1565	182	4.5	15	6	42.213	34.912	38.927	32.124		2.788	8.68					
701-1566	182	5.5	15	6	43.714	36.413	40.151	33.348		3.065	9.19	5.62				
Daily average			15		34.909	27.608	33.049	26.245		1.362	4.975					
702-1511	183	0.5	15		45.854	38.553	44.522	37.719		0.834	2.21					
702-1512	183	1.5	15		34.562	27.261	33.390	26.587		0.674	2.54					
702-1513	183	2.5	15		34.743	27.442	33.470	26.667		0.775	2.91					
702-1514	183	3.5	15		35.823	28.522	34.249	27.446		1.076	3.92					
702-1515	183	4.5	15		35.313	28.012	33.531	26.728		1.284	4.81					
702-1516	183	5.5	15		36.763	29.462	34.627	27.824		1.638	5.89	3.71				
702-1521	183	0.5	15		38.997	31.696	37.680	30.877		0.819	2.65					
702-1522	183	1.5	15		37.780	30.479	36.438	29.635		0.844	2.85					
702-1523	183	2.5	15		35.807	28.506	34.407	27.604		0.902	3.27					
702-1524	183	3.5	15		39.793	32.492	37.899	31.096		1.396	4.49					
702-1525	183	4.5	15		32.848	25.547	31.025	24.222		1.325	5.47					
702-1526	183	5.5	15		38.799	31.498	36.573	29.770		1.728	5.81	4.09				
702-1531	183	0.5	15		44.651	37.350	43.077	36.274		1.076	2.97					
702-1532	183	1.5	15		31.998	24.697	30.695	23.892		0.805	3.37					
702-1533	183	2.5	15		40.040	32.739	38.069	31.266		1.473	4.71					
702-1534	183	3.5	15		38.491	31.190	36.196	29.393		1.797	6.11					
702-1535	183	4.5	15		37.750	30.449	35.057	28.254		2.195	7.77					
702-1536	183	5.5	15		39.183	31.882	36.244	29.441		2.441	8.29	5.54				
702-1541	183	0.5	15		34.088	26.787	32.967	26.164		0.623	2.38					
702-1542	183	1.5	15		38.359	31.058	36.951	30.148		0.910	3.02					
702-1543	183	2.5	15		29.668	22.367	28.293	21.490		0.877	4.08					
702-1544	183	3.5	15		36.903	29.602	34.287	27.484		2.118	7.71					
702-1545	183	4.5	15		38.240	30.939	35.037	28.234		2.705	9.58					
702-1546	183	5.5	15		33.265	25.964	30.870	24.067		1.897	7.88	5.78				
702-1551	183	0.5	15		36.070	28.769	34.906	28.103		0.666	2.37					
702-1552	183	1.5	15		26.340	19.039	25.412	18.609		0.430	2.31					
702-1553	183	2.5	15		26.760	19.459	25.765	18.962		0.497	2.62					
702-1554	183	3.5	15		32.703	25.402	31.088	24.285		1.117	4.60					
702-1555	183	4.5	15		32.837	25.536	31.003	24.200		1.336	5.52					
702-1556	183	5.5	15		37.440	30.139	35.091	28.288		1.851	6.54	4.00				
702-1561	183	0.5	15		32.541	25.240	31.298	24.495		0.745	3.04					
702-1562	183	1.5	15		37.684	30.383	36.098	29.295		1.088	3.72					
702-1563	183	2.5	15		41.216	33.915	38.897	32.094		1.821	5.67					
702-1564	183	3.5	15		39.073	31.772	36.497	29.694		2.078	7.00					
702-1565	183	4.5	15		39.839	32.538	36.945	30.142		2.396	7.95					
702-1566	183	5.5	15		42.102	34.801	39.059	32.256		2.545	7.89	5.88				
702-1611	183	0.5	15		34.478	27.177	33.421	26.618		0.559	2.10					
702-1612	183	1.5	15		38.313	31.012	36.968	30.165		0.847	2.81					
702-1613	183	2.5	15		33.562	26.261	32.015	25.212		1.049	4.16					
702-1614	183	3.5	15		38.526	31.225	35.769	28.966		2.259	7.80					
702-1615	183	4.5	15		35.565	28.264	32.450	25.647		2.617	10.21					
702-1616	183	5.5	15		40.496	33.195	36.488	29.685		3.510	11.83	6.48				
702-1621	183	0.5	15		32.911	25.610	31.857	25.054		0.556	2.22					
702-1622	183	1.5	15		41.083	33.782	39.628	32.825		0.957	2.92					
702-1623	183	2.5	15		38.933	31.632	37.399	30.596		1.036	3.39					
702-1624	183	3.5	15		43.575	36.274	40.846	34.043		2.231	6.55					
702-1625	183	4.5	15		38.037	30.736	35.262	28.459		2.277	8.00					
702-1626	183	5.5	15		44.823	37.522	40.663	33.860		3.662	10.82	5.65				
702-1631	183	0.5	15		35.526	28.225	34.202	27.399		0.826	3.02					
702-1632	183	1.5	15		33.855	26.554	32.307	25.504		1.050	4.12					
702-1633	183	2.5	15		38.481	31.180	36.254	29.451		1.729	5.87					
702-1634	183	3.5	15		36.066	28.765	33.403	26.600		2.165	8.14					
702-1635	183	4.5	15		34.777	27.476	31.896	25.093		2.383	9.50					
702-1636	183	5.5	15		44.342	37.041	40.554	33.751		3.290	9.75	6.73				
702-1641	183	0.5	15		32.237	24.936	31.373	24.570		0.366	1.49					
702-1642	183	1.5	15		31.799	24.498	30.658	23.855		0.643	2.70					
702-1643	183	2.5	15		31.223	23.922	29.748	22.945		0.977	4.26					
702-1644	183	3.5	15		34.329	27.028	31.869	25.066		1.962	7.83					
702-1645	183	4.5	15		35.446	28.145	32.418	25.615		2.530	9.88					
702-1646	183	5.5	15		37.052	29.751	33.623	26.820		2.931	10.93	6.18				
702-1651	183	0.5	15		37.544	30.243	36.420	29.617		0.626	2.11					
702-1652	183	1.5	15		36.351	29.050	35.015	28.212		0.838	2.97					
702-1653	183	2.5	15		36.913	29.612	35.217	28.414		1.198	4.22					
702-1654	183	3.5	15		43.063	35.762	40.245	33.442		2.320	6.94					
702-1655	183	4.5	15		46.442	39.141	42.536	35.733		3.408	9.54					
702-1656	183	5.5	15		47.417	40.116	43.203	36.400		3.716	10.21	6.00				
702-1661	183	0.5	15		37.899	30.598	36.729	29.926		0.672	2.25					
702-1662	183	1.5	15		39.224	31.923	37.500	30.697		1.226	3.99					
702-1663	183	2.5	15		33.411	26.110	31.561	24.758		1.352	5.46					
702-1664	183	3.5	15		34.902	27.601	32.587	25.784		1.817	7.05						
702-1665	183	4.5	15		42.849	35.548	39.403	32.600		2.948	9.04						
702-1666	183	5.5	15		43.989	36.688	40.243	33.440		3.248	9.71	6.25					
Daily average	183		15		37.219	29.918	35.130	28.326		1.591	5.524						
703-1511	184	0.5	15		37.931	30.630	36.476	29.673		0.957	3.23						
703-1512	184	1.5	15		31.287	23.986	29.880	23.077		0.909	3.94						
703-1513	184	2.5	15		31.526	24.225	29.898	23.095		1.130	4.89						
703-1514	184	3.5	15		42.065	34.764	39.447	32.644		2.120	6.50						
703-1515	184	4.5	15		42.579	35.278	39.451	32.648		2.630	8.06						
703-1516	184	5.5	15		29.042	21.741	26.988	20.185		1.556	7.71	5.72					
703-1521	184	0.5	15		36.676	29.375	35.248	28.445		0.930	3.27						
703-1522	184	1.5	15		34.238	26.937	32.700	25.897		1.040	4.02						
703-1523	184	2.5	15		36.589	29.288	34.790	27.987		1.301	4.65						
703-1524	184	3.5	15		35.996	28.695	33.951	27.148		1.547	5.70						
703-1525	184	4.5	15		36.926	29.625	34.330	27.527		2.098	7.62						
703-1526	184	5.5	15		41.426	34.125	38.331	31.528		2.597	8.24	5.58					
703-1531	184	0.5	15		40.055	32.754	38.601	31.798		0.956	3.01		
703-1532	184	1.5	15		29.861	22.560	28.402	21.599		0.961	4.45		
703-1533	184	2.5	15		45.188	37.887	42.564	35.761		2.126	5.95		
703-1534	184	3.5	15		39.568	32.267	36.721	29.918		2.349	7.85		
703-1535	184	4.5	15		39.372	32.071	36.352	29.549		2.522	8.54		
703-1536	184	5.5	15		44.121	36.820	40.662	33.859		2.961	8.75	6.42	
703-1541	184	0.5	15		39.008	31.707	37.533	30.730		0.977	3.18		
703-1542	184	1.5	15		41.344	34.043	39.456	32.653		1.390	4.26		
703-1543	184	2.5	15		31.899	24.598	30.267	23.464		1.134	4.83		
703-1544	184	3.5	15		45.361	38.060	42.556	35.753		2.307	6.45		
703-1545	184	4.5	15		38.159	30.858	35.353	28.550		2.308	8.09		
703-1546	184	5.5	15		41.217	33.916	38.368	31.565		2.351	7.45	5.71	
703-1551	184	0.5	15		35.364	28.063	34.008	27.205		0.858	3.15		
703-1552	184	1.5	15		42.308	35.007	40.166	33.363		1.644	4.93		
703-1553	184	2.5	15		48.395	41.094	45.544	38.741		2.353	6.07		
703-1554	184	3.5	15		33.435	26.134	31.176	24.373		1.761	7.23		
703-1555	184	4.5	15		26.678	19.377	24.805	18.002		1.375	7.64						
703-1556	184	5.5	15		64.769	57.468	59.656	52.853		4.615	8.73	6.29					
703-1561	184	0.5	15		30.920	23.619	29.919	23.116		0.503	2.18						
703-1562	184	1.5	15		28.936	21.635	27.726	20.923		0.712	3.40						
703-1563	184	2.5	15		35.017	27.716	33.054	26.251		1.465	5.58						
703-1564	184	3.5	15		36.631	29.330	34.098	27.295		2.035	7.46						
703-1565	184	4.5	15		36.945	29.644	34.165	27.362		2.282	8.34						
703-1566	184	5.5	15		47.586	40.285	43.760	36.957		3.328	9.01	5.99					
Daily average	184		15		38.289	30.988	36.011	29.208		1.818	6.133						
705-1511	186	0.5	15	1	39.090	31.789	34.001	27.198		4.591	16.88						
705-1512	186	1.5	15	1	38.078	30.777	33.067	26.264		4.513	17.18						
705-1513	186	2.5	15	1	34.856	27.555	30.984	24.181		3.374	13.95						
705-1514	186	3.5	15	1	36.550	29.249	33.172	26.369		2.880	10.92						
705-1515	186	4.5	15	1	35.653	28.352	32.713	25.910		2.442	9.43						
705-1516	186	5.5	15	1	44.841	37.540	41.013	34.210		3.330	9.73	13.02					
705-1521	186	0.5	15	2	39.113	31.812	33.616	26.813		4.999	18.65						
705-1522	186	1.5	15	2	33.914	26.613	25.435	18.631		X	X		
705-1523	186	2.5	15	2	34.963	27.662	31.456	24.653		3.009	12.21		
705-1524	186	3.5	15	2	33.374	26.073	30.359	23.556		2.517	10.69		
705-1525	186	4.5	15	2	35.738	28.437	25.250	18.447		X	X		
705-1526	186	5.5	15	2	39.493	32.192	36.635	29.832		2.360	7.91	12.36	
705-1531	186	0.5	15	3	40.115	32.814	34.833	28.030		4.784	17.07		
705-1532	186	1.5	15	3	34.107	26.806	29.221	22.418		4.388	19.58		
705-1533	186	2.5	15	3	30.783	23.482	28.924	22.121		1.361	6.15		
705-1534	186	3.5	15	3	35.489	28.188	33.313	26.510		1.678	6.33		
705-1535	186	4.5	15	3	35.563	28.262	33.392	26.589		1.673	6.29		
705-1536	186	5.5	15	3	37.138	29.837	34.441	27.638		2.199	7.96	10.56	
705-1541	186	0.5	15	4	32.385	25.084	26.182	19.379		5.705	29.44		
705-1542	186	1.5	15	4	25.776	18.475	21.506	14.703		3.772	25.66		
705-1543	186	2.5	15	4	31.530	24.229	26.295	19.492		4.737	24.30		
705-1544	186	3.5	15	4	29.814	22.513	24.551	17.748		4.765	26.85		
705-1545	186	4.5	15	4	36.743	29.442	29.987	23.184		6.258	26.99		
705-1546	186	5.5	15	4	31.958	24.657	27.251	20.448		4.209	20.59	25.64	
705-1551	186	0.5	15	5	39.731	32.430	33.289	26.486		5.944	22.44		
705-1552	186	1.5	15	5	36.244	28.943	30.044	23.241		5.702	24.54		
705-1553	186	2.5	15	5	36.437	29.136	30.464	23.661		5.475	23.14		
705-1554	186	3.5	15	5	31.937	24.636	27.117	20.314		4.322	21.28		
705-1555	186	4.5	15	5	34.845	27.544	30.237	23.434		4.110	17.54		
705-1556	186	5.5	15	5	30.283	22.982	27.068	20.265		2.717	13.41	20.39	
705-1561	186	0.5	15	6	39.553	32.252	36.051	29.248		3.004	10.27		
705-1562	186	1.5	15	6	38.057	30.756	35.797	28.994		1.762	6.08		
705-1563	186	2.5	15	6	34.921	27.620	32.914	26.111		1.509	5.78		
705-1564	186	3.5	15	6	38.586	31.285	36.400	29.597		1.688	5.70		
705-1565	186	4.5	15	6	37.786	30.485	35.590	28.787		1.698	5.90		
705-1566	186	5.5	15	6	37.882	30.581	35.726	28.923		1.658	5.73	6.58	
Daily average			15		35.648	28.347	31.341	24.538		3.504	14.899		
706-1511	187	0.5	15	1	34.754	27.453	31.492	24.689		2.764	11.20		
706-1512	187	1.5	15	1	32.737	25.436	28.371	21.568		3.868	17.94		
706-1513	187	2.5	15	1	38.199	30.898	34.495	27.692		3.206	11.58		
706-1514	187	3.5	15	1	33.782	26.481	30.770	23.967		2.514	10.49		
706-1515	187	4.5	15	1	34.121	26.820	31.728	24.925		1.895	7.60		
706-1516	187	5.5	15	1	33.812	26.511	31.652	24.849		1.662	6.69	10.92	
706-1521	187	0.5	15	2	36.803	29.502	33.754	26.951		2.551	9.47		
706-1522	187	1.5	15	2	29.351	22.050	26.719	19.916		2.134	10.72		
706-1523	187	2.5	15	2	34.899	27.598	32.354	25.551		2.047	8.01		
706-1524	187	3.5	15	2	33.652	26.351	31.672	24.869		1.482	5.96		
706-1525	187	4.5	15	2	34.161	26.860	32.157	25.354		1.506	5.94		
706-1526	187	5.5	15	2	38.113	30.812	35.616	28.813		1.999	6.94	7.84	
706-1531	187	0.5	15	3	33.546	26.245	31.223	24.420		1.825	7.47		
706-1532	187	1.5	15	3	36.336	29.035	33.964	27.161		1.874	6.90		
706-1533	187	2.5	15	3	36.073	28.772	33.836	27.033		1.739	6.43		
706-1534	187	3.5	15	3	34.296	26.995	32.087	25.284		1.711	6.77		
706-1535	187	4.5	15	3	33.871	26.570	31.680	24.877		1.693	6.81		
706-1536	187	5.5	15	3	37.727	30.426	33.177	26.374		4.052	15.36	8.29	
706-1541	187	0.5	15	4	36.116	28.815	32.548	25.745		3.070	11.93		
706-1542	187	1.5	15	4	36.370	29.069	33.025	26.222		2.847	10.86		
706-1543	187	2.5	15	4	35.932	28.631	33.036	26.233		2.398	9.14		
706-1544	187	3.5	15	4	31.605	24.304	29.187	22.384		1.920	8.58		
706-1545	187	4.5	15	4	32.905	25.604	30.511	23.708		1.896	8.00		
706-1546	187	5.5	15	4	37.880	30.579	31.957	25.154		5.425	21.57	11.68	
706-1551	187	0.5	15	5	38.832	31.531	32.455	25.652		5.879	22.92		
706-1552	187	1.5	15	5	33.735	26.434	28.792	21.989		4.445	20.22		
706-1553	187	2.5	15	5	39.526	32.225	33.395	26.592		5.633	21.18		
706-1554	187	3.5	15	5	36.141	28.840	30.336	23.533		5.307	22.55		
706-1555	187	4.5	15	5	41.259	33.958	34.824	28.021		5.937	21.19		
706-1556	187	5.5	15	5	44.616	37.315	38.516	31.713		5.602	17.67	20.95	
706-1561	187	0.5	15	6	37.757	30.456	32.544	25.741		4.715	18.32		
706-1562	187	1.5	15	6	34.758	27.457	29.823	23.020		4.437	19.28		
706-1563	187	2.5	15	6	36.268	28.967	30.568	23.765		5.202	21.89		
706-1564	187	3.5	15	6	38.336	31.035	33.224	26.421		4.614	17.46		
706-1565	187	4.5	15	6	38.126	30.825	32.998	26.195		4.631	17.68		
706-1566	187	5.5	15	6	43.321	36.020	37.455	30.652		5.368	17.51	18.69	
Daily average			15		36.103	28.802	32.276	25.473		3.329	13.062		
707-1511	188	0.5	15	1	36.130	28.829	29.572	22.769		6.060	26.62		
707-1512	188	1.5	15	1	29.266	21.965	24.029	17.226		4.739	27.51		
707-1513	188	2.5	15	1	34.296	26.995	26.538	19.735		7.260	36.79		
707-1514	188	3.5	15	1	36.494	29.193	30.001	23.198		5.995	25.84		
707-1515	188	4.5	15	1	34.928	27.627	28.770	21.967		5.660	25.77		
707-1516	188	5.5	15	1	41.220	33.919	34.819	28.016		5.903	21.07	27.27	
707-1521	188	0.5	15	2	34.828	27.527	29.925	23.122		4.405	19.05		
707-1522	188	1.5	15	2	30.937	23.636	26.718	19.915		3.721	18.69		
707-1523	188	2.5	15	2	34.594	27.293	29.850	23.047		4.246	18.42		
707-1524	188	3.5	15	2	36.895	29.594	32.624	25.821		3.773	14.61		
707-1525	188	4.5	15	2	34.854	27.553	30.502	23.699		3.854	16.26		
707-1526	188	5.5	15	2	38.730	31.429	35.260	28.457		2.972	10.44	16.25	
707-1531	188	0.5	15	3	34.909	27.608	30.000	23.397		4.211	18.00		
707-1532	188	1.5	15	3	30.559	23.258	26.529	19.726		3.532	17.91		
707-1533	188	2.5	15	3	37.615	30.314	32.970	26.167		4.147	15.85		
707-1534	188	3.5	15	3	41.799	34.498	36.776	29.973		4.525	15.10		
707-1535	188	4.5	15	3	41.863	34.562	37.361	30.558		4.004	13.10		
707-1536	188	5.5	15	3	46.048	38.747	42.095	35.292		3.455	9.79	14.96	
707-1541	188	0.5	15	4	37.588	30.287	31.252	24.449		5.838	23.88		
707-1542	188	1.5	15	4	38.084	30.783	31.637	24.834		5.949	23.96		
707-1543	188	2.5	15	4	37.730	30.429	31.760	24.957		5.472	21.93		
707-1544	188	3.5	15	4	45.664	38.363	38.640	31.837		6.526	20.50		
707-1545	188	4.5	15	4	43.332	36.031	37.413	30.610		5.421	17.71		
707-1546	188	5.5	15	4	43.672	36.371	38.466	31.663		4.708	14.87	20.47	
707-1551	188	0.5	15	5	39.893	32.592	33.485	26.682		5.910	22.15		
707-1552	188	1.5	15	5	35.471	28.170	30.272	23.469		4.701	20.03		
707-1553	188	2.5	15	5	35.192	27.891	31.023	24.220		3.671	15.16		
707-1554	188	3.5	15	5	33.038	25.737	30.217	23.414		2.323	9.92		
707-1555	188	4.5	15	5	33.003	25.702	30.246	23.443		2.259	9.64		
707-1556	188	5.5	15	5	39.268	31.967	35.444	29.081		2.886	9.92	14.47	
707-1561	188	0.5	15	6	31.148	23.847	26.873	20.070		3.777	18.82		
707-1562	188	1.5	15	6	26.851	19.550	23.261	16.458		3.092	18.79		
707-1563	188	2.5	15	6	29.946	22.645	25.834	19.031		3.614	18.99		
707-1564	188	3.5	15	6	31.143	23.842	26.882	20.079		3.763	18.74		
707-1565	188	4.5	15	6	39.247	31.946	34.190	27.387		4.559	16.65		
707-1566	188	5.5	15	6	43.365	36.064	38.375	31.572		4.492	14.23	17.70	
Daily average			15		36.656	29.355	31.656	24.870		4.484	18.520		
708-1511	189	0.5	15	1	44.417	37.116	38.788	31.985		5.131	16.04		
708-1512	189	1.5	15	1	43.712	36.411	37.997	31.194		5.217	16.73		
708-1513	189	2.5	15	1	40.668	33.367	35.445	28.642		4.725	16.50		
708-1514	189	3.5	15	1	35.704	28.403	31.482	24.679		3.724	15.09		
708-1515	189	4.5	15	1	39.132	31.831	34.732	27.929		3.902	13.97		
708-1516	189	5.5	15	1	44.524	37.223	39.839	33.036		4.187	12.68	15.17	
708-1521	189	0.5	15	2	38.292	30.991	33.746	26.943		4.048	15.03		
708-1522	189	1.5	15	2	41.748	34.447	36.845	30.042		4.405	14.66		
708-1523	189	2.5	15	2	40.053	32.752	35.270	28.467		4.285	15.05		
708-1524	189	3.5	15	2	36.264	28.963	32.222	25.419		3.544	13.94		
708-1525	189	4.5	15	2	34.250	26.949	30.664	23.861		3.088	12.94		
708-1526	189	5.5	15	2	45.730	38.429	41.527	34.724		3.705	10.67	13.72	
708-1531	189	0.5	15	3	33.315	26.014	30.692	23.889		2.125	8.90		
708-1532	189	1.5	15	3	29.536	22.235	26.774	19.971		2.264	11.34		
708-1533	189	2.5	15	3	28.211	20.910	25.463	18.660		2.250	12.06		
708-1534	189	3.5	15	3	41.543	34.242	37.380	30.577		3.665	11.99		
708-1535	189	4.5	15	3	43.636	36.335	39.125	32.522		3.813	11.72		
708-1536	189	5.5	15	3	41.508	34.207	37.714	30.911		3.296	10.66	11.11	
708-1541	189	0.5	15	4	35.057	27.756	31.284	24.481		3.275	13.38		
708-1542	189	1.5	15	4	37.365	30.064	32.211	25.408		4.656	18.33		
708-1543	189	2.5	15	4	36.429	29.128	31.650	24.847		4.281	17.23		
708-1544	189	3.5	15	4	34.987	27.686	31.064	24.261		3.425	14.12		
708-1545	189	4.5	15	4	41.626	34.325	37.547	30.744		3.581	11.65		
708-1546	189	5.5	15	4	34.462	27.161	31.340	24.537		2.624	10.70	14.23	
708-1551	189	0.5	15	5	36.393	29.092	30.432	23.629		5.463	23.12		
708-1552	189	1.5	15	5	34.975	27.674	29.258	22.455		5.219	23.24		
708-1553	189	2.5	15	5	39.112	31.811	32.469	25.666		6.145	23.94		
708-1554	189	3.5	15	5	40.571	33.270	34.170	27.367		5.903	21.57		
708-1555	189	4.5	15	5	44.930	37.629	37.919	31.116		6.513	20.93		
708-1556	189	5.5	15	5	44.611	37.310	37.994	31.191		6.119	19.62	22.07	
708-1561	189	0.5	15	6	36.116	28.815	32.534	25.731		3.084	11.99		
708-1562	189	1.5	15	6	33.454	26.153	29.744	22.941		3.212	14.00		
708-1563	189	2.5	15	6	37.690	30.389	33.539	26.736		3.653	13.66		
708-1564	189	3.5	15	6	45.182	37.881	40.248	33.445		4.436	13.26		
708-1565	189	4.5	15	6	50.476	43.175	45.116	38.313		4.862	12.69		
708-1566	189	5.5	15	6	37.596	30.295	34.436	27.633		2.662	9.63	12.54	
Daily average			15		38.980	31.679	34.407	27.610		4.069	14.807		
709-1511	190	0.5	15	1	36.602	29.301	32.860	26.057		3.244	12.45		
709-1512	190	1.5	15	1	34.517	27.216	30.365	23.562		3.654	15.51		
709-1513	190	2.5	15	1	37.971	30.670	33.542	26.739		3.931	14.70		
709-1514	190	3.5	15	1	31.203	23.902	27.584	20.781		3.121	15.02		
709-1515	190	4.5	15	1	34.891	27.590	31.000	24.197		3.393	14.02		
709-1516	190	5.5	15	1	36.698	29.397	32.843	26.040		3.357	12.89	14.10	
709-1521	190	0.5	15	2	42.211	34.910	38.586	31.783		3.127	9.84		
709-1522	190	1.5	15	2	41.258	33.957	37.151	30.348		3.609	11.89		
709-1523	190	2.5	15	2	40.644	33.343	36.539	29.736		3.607	12.13		
709-1524	190	3.5	15	2	38.465	31.164	34.723	27.920		3.244	11.62		
709-1525	190	4.5	15	2	37.912	30.611	34.620	27.817		2.794	10.05		
709-1526	190	5.5	15	2	38.779	31.478	35.680	28.877		2.601	9.01	10.76	
709-1531	190	0.5	15	3	38.730	31.429	35.559	28.756		2.673	9.30		
709-1532	190	1.5	15	3	37.923	30.622	34.199	27.396		3.226	11.78		
709-1533	190	2.5	15	3	48.225	40.924	43.382	36.579		4.345	11.88		
709-1534	190	3.5	15	3	33.403	26.102	30.061	23.258		2.844	12.23		
709-1535	190	4.5	15	3	43.248	35.947	38.832	32.029		3.918	12.23		
709-1536	190	5.5	15	3	48.527	41.226	43.956	37.153		4.073	10.96	11.40	
709-1541	190	0.5	15	4	33.789	26.488	31.119	24.316		2.172	8.93		
709-1542	190	1.5	15	4	33.637	26.336	31.247	24.444		1.892	7.74		
709-1543	190	2.5	15	4	34.208	26.907	31.250	24.447		2.460	10.06		
709-1544	190	3.5	15	4	30.536	23.235	27.927	21.124		2.111	9.99		
709-1545	190	4.5	15	4	31.508	24.207	28.873	22.070		2.137	9.68		
709-1546	190	5.5	15	4	35.519	28.218	32.512	25.709		2.509	9.76	9.36	
709-1551	190	0.5	15	5	28.992	21.691	25.710	18.907		2.784	14.73		
709-1552	190	1.5	15	5	40.945	33.644	35.592	28.904		4.740	16.40		
709-1553	190	2.5	15	5	34.807	27.506	30.356	23.668		3.838	16.22		
709-1554	190	3.5	15	5	33.792	26.491	29.508	22.705		3.786	16.68		
709-1555	190	4.5	15	5	37.367	30.066	32.602	25.799		4.267	16.54		
709-1556	190	5.5	15	5	39.414	32.113	34.589	27.786		4.327	15.57	16.02	
709-1561	190	0.5	15	6	31.191	23.890	28.113	21.310		2.580	12.11		
709-1562	190	1.5	15	6	36.395	29.094	32.208	25.635		3.459	13.49		
709-1563	190	2.5	15	6	36.222	28.921	32.282	25.479		3.442	13.51		
709-1564	190	3.5	15	6	39.761	32.460	35.555	28.752		3.708	12.90		
709-1565	190	4.5	15	6	37.362	30.061	33.700	26.897		3.164	11.76		
709-1566	190	5.5	15	6	54.669	47.368	49.367	42.564		4.804	11.29	12.51
Daily average			15		37.537	30.236	33.722	26.932		3.304	12.358	
710-1511	191	0.5	15	1	46.216	38.915	36.712	29.909		9.006	30.11	
710-1512	191	1.5	15	1	43.598	36.297	34.987	28.184		8.113	28.79	
710-1513	191	2.5	15	1	45.167	37.866	36.191	29.388		8.478	28.85	
710-1514	191	3.5	15	1	44.746	37.445	35.816	29.013		8.432	29.06	
710-1515	191	4.5	15	1	46.399	39.098	37.496	30.693		8.405	27.39	
710-1516	191	5.5	15	1	45.857	38.556	37.621	30.818		7.738	25.11	28.22
710-1521	191	0.5	15	2	32.063	24.762	26.875	20.072		4.690	23.37	
710-1522	191	1.5	15	2	40.618	33.317	33.601	26.798		6.519	24.33	
710-1523	191	2.5	15	2	36.024	28.723	29.933	23.130		5.593	24.18	
710-1524	191	3.5	15	2	37.808	30.507	31.461	24.658		5.849	23.72	
710-1525	191	4.5	15	2	37.033	29.732	30.785	23.982		5.750	23.98	
710-1526	191	5.5	15	2	38.513	31.212	32.544	25.741		5.471	21.26	23.47
710-1531	191	0.5	15	3	41.376	34.075	32.485	25.682		8.393	32.68	
710-1532	191	1.5	15	3	34.879	27.578	28.040	21.237		6.341	29.86	
710-1533	191	2.5	15	3	42.060	34.759	34.306	27.503		7.256	26.38										
710-1534	191	3.5	15	3	41.633	34.332	34.218	27.415		6.917	25.23										
710-1535	191	4.5	15	3	40.904	33.603	33.913	27.110		6.493	23.95										
710-1536	191	5.5	15	3	39.962	32.661	33.224	26.421		6.240	23.62	26.95									
Daily average			15		40.825	33.524	33.345	26.542		6.983	26.215										
711-1511	192	0.5	15	1	38.782	31.481	32.325	25.522		5.959	23.35										
711-1512	192	1.5	15	1	40.253	32.952	33.578	26.775		6.177	23.07										
711-1513	192	2.5	15	1	41.774	34.473	35.032	28.229		6.244	22.12										
711-1514	192	3.5	15	1	42.398	35.097	35.620	28.817		6.280	21.79										
711-1515	192	4.5	15	1	49.127	41.826	40.964	34.161		7.665	22.44										
711-1516	192	5.5	15	1	50.714	43.413	42.516	35.713		7.700	21.56	22.39									
711-1521	192	0.5	15	2	40.400	33.099	33.013	26.210		6.889	26.29										
711-1522	192	1.5	15	2	44.425	37.124	36.864	30.061		7.063	23.50										
711-1523	192	2.5	15	2	43.272	35.971	36.341	29.538		6.433	21.78										
711-1524	192	3.5	15	2	54.877	47.576	45.867	39.064		8.512	21.79										
711-1525	192	4.5	15	2	44.533	37.232	37.355	30.552		6.680	21.87										
711-1526	192	5.5	15	2	46.372	39.071	38.790	31.987		7.084	22.15	22.89
711-1531	192	0.5	15	3	40.027	32.726	32.765	25.962		6.764	26.05	
711-1532	192	1.5	15	3	34.406	27.105	28.086	21.283		5.822	27.36	
711-1533	192	2.5	15	3	40.336	33.035	32.947	26.144		6.891	26.36	
711-1534	192	3.5	15	3	42.625	35.324	35.213	28.410		6.914	24.34	
711-1535	192	4.5	15	3	49.872	42.571	41.334	34.531		8.040	23.28	
711-1536	192	5.5	15	3	47.339	40.038	39.470	32.667		7.371	22.57	24.99
711-1541	192	0.5	15	4	35.260	27.959	28.641	21.838		6.121	28.03	
711-1542	192	1.5	15	4	34.328	27.027	27.916	21.113		5.914	28.01	
711-1543	192	2.5	15	4	33.248	25.947	27.048	20.245		5.702	28.17	
711-1544	192	3.5	15	4	38.337	31.036	31.252	24.449		6.587	26.94	
711-1545	192	4.5	15	4	43.223	35.922	35.031	28.228		7.694	27.26	
711-1546	192	5.5	15	4	43.434	36.133	35.170	28.367		7.766	27.38	27.63
711-1551	192	0.5	15	5	47.101	39.800	37.145	30.342		9.458	31.17	
711-1552	192	1.5	15	5	46.773	39.472	36.948	30.145		9.327	30.94	
711-1553	192	2.5	15	5	45.755	38.454	37.084	30.281		8.173	26.99	
711-1554	192	3.5	15	5	42.938	35.637	34.843	28.040		7.597	27.09	
711-1555	192	4.5	15	5	43.776	36.475	35.439	28.636		7.839	27.38	
711-1556	192	5.5	15	5	50.921	43.620	41.142	34.339		9.281	27.03	28.43
711-1561	192	0.5	15	6	35.160	27.859	27.522	20.719		7.140	34.46	
711-1562	192	1.5	15	6	35.315	28.014	27.954	21.151		6.863	32.45	
711-1563	192	2.5	15	6	39.272	31.971	31.152	24.349		7.622	31.30	
711-1564	192	3.5	15	6	40.607	33.306	32.157	25.354		7.952	31.37	
711-1565	192	4.5	15	6	46.150	38.849	36.504	29.701		9.148	30.80	
711-1566	192	5.5	15	6	49.184	41.883	39.372	32.569		9.314	28.60	31.50
Daily average			15		42.842	35.541	35.011	28.208		7.333	26.307	
712-1511	193	0.5	15	1	36.820	29.519	30.255	23.452		6.067	25.87	
712-1512	193	1.5	15	1	38.732	31.431	31.919	25.116		6.315	25.14	
712-1513	193	2.5	15	1	34.632	27.331	28.832	22.029		5.302	24.07	
712-1514	193	3.5	15	1	44.390	37.089	36.898	30.095		6.994	23.24	
712-1515	193	4.5	15	1	37.367	30.066	31.330	24.527		5.539	22.58	
712-1516	193	5.5	15	1	44.814	37.513	38.074	31.271		6.242	19.96	23.48
712-1521	193	0.5	15	2	30.106	22.805	25.226	18.423		4.382	23.79	
712-1522	193	1.5	15	2	37.148	29.847	30.971	24.168		5.679	23.50	
712-1523	193	2.5	15	2	34.446	27.145	28.873	22.070		5.075	23.00	
712-1524	193	3.5	15	2	38.468	31.167	32.412	25.609		5.558	21.70	
712-1525	193	4.5	15	2	38.665	31.364	32.565	25.762		5.602	21.75	
712-1526	193	5.5	15	2	47.296	39.995	39.743	32.940		7.055	21.42	22.53
712-1531	193	0.5	15	3	35.248	27.947	28.868	22.065		5.882	26.66	
712-1532	193	1.5	15	3	51.052	43.751	41.237	34.434		9.317	27.06	
712-1533	193	2.5	15	3	47.119	39.818	38.479	31.676		8.142	25.71	
712-1534	193	3.5	15	3	44.466	37.165	36.911	30.108		7.057	23.44	
712-1535	193	4.5	15	3	46.272	38.971	38.319	31.516		7.455	23.66	
712-1536	193	5.5	15	3	45.509	38.208	38.236	31.433		6.775	21.55	24.68
712-1541	193	0.5	15	4	35.283	27.982	27.831	21.028		6.954	33.07	
712-1542	193	1.5	15	4	29.226	21.925	23.706	16.903		5.022	29.71	
712-1543	193	2.5	15	4	21.562	14.261	17.763	10.960		3.301	30.12	
712-1544	193	3.5	15	4	33.389	26.088	27.038	20.235		5.853	28.93	
712-1545	193	4.5	15	4	44.492	37.191	35.714	28.911		8.280	28.64										
712-1546	193	5.5	15	4	40.581	33.280	33.252	26.449		6.831	25.83	29.38									
712-1551	193	0.5	15	5	27.906	20.605	21.865	15.062		5.543	36.80										
712-1552	193	1.5	15	5	35.679	28.378	28.474	21.671		6.707	30.95										
712-1553	193	2.5	15	5	35.848	28.547	28.792	21.989		6.558	29.83										
712-1554	193	3.5	15	5	53.388	46.087	43.062	36.259		9.828	27.11										
712-1555	193	4.5	15	5	44.528	37.227	36.505	29.702		7.525	25.34										
712-1556	193	5.5	15	5	47.077	39.776	38.686	31.883		7.893	24.76	29.13									
712-1561	193	0.5	15	6	37.856	30.555	31.154	24.351		6.204	25.48										
712-1562	193	1.5	15	6	48.195	40.894	38.724	31.921		8.973	28.11										
712-1563	193	2.5	15	6	42.989	35.688	35.095	28.292		7.396	26.14										
712-1564	193	3.5	15	6	49.073	41.772	40.422	33.619		8.153	24.25										
712-1565	193	4.5	15	6	49.675	42.374	41.603	34.800		7.574	21.77										
712-1566	193	5.5	15	6	44.517	37.216	37.777	30.974		6.242	20.15	24.32									
Daily average			15		40.384	33.083	33.239	26.436		6.647	25.586										
																					
											

